surface,penalty,epochs,time_sec,reconstruction_mean,reconstruction_std,tangent_mean,tangent_std,encoder contr_mean,encoder contr_std,decoder contr_mean,decoder contr_std,diffeo_mean,diffeo_std,curvature_mean,curvature_std,hessian_mean,hessian_std,weight_tangent_bundle,weight_contractive,weight_normal_decoder_jacobian,weight_decoder_contraction,weight_diffeo,weight_curvature
paraboloid,baseline,500,8.65093994140625,0.011161528527736664,0.021422211080789566,0.013753901235759258,0.016096515581011772,1.1632106304168701,0.33305230736732483,4.248672962188721,0.6715342998504639,0.14255006611347198,0.19334374368190765,0.4251541495323181,0.678600013256073,3.979897975921631,3.8956873416900635,0.0,0.0,0.0,0.0,0.0,0.0
paraboloid,T,500,12.308233737945557,0.01359618455171585,0.019656145945191383,0.004254883620887995,0.005777955986559391,1.1566816568374634,0.38303157687187195,4.510966777801514,0.8066083192825317,0.16094215214252472,0.21864186227321625,0.054989252239465714,0.09778539091348648,2.443591356277466,1.947299838066101,1.0,0.0,0.0,0.0,0.0,0.0
paraboloid,C,500,11.043428897857666,0.00944675412029028,0.01776944100856781,0.016551226377487183,0.015450356528162956,1.0485554933547974,0.27178314328193665,4.41214656829834,0.6361730694770813,0.12075986713171005,0.17346808314323425,0.38804349303245544,0.6046739816665649,4.329774856567383,4.228825092315674,0.0,0.01,0.0,0.0,0.0,0.0
paraboloid,T+C,500,17.035062551498413,0.010383881628513336,0.016076724976301193,0.0026493514887988567,0.004094118718057871,1.045562982559204,0.3098026514053345,4.856603145599365,0.8718412518501282,0.13059942424297333,0.18576347827911377,0.044760849326848984,0.08083825558423996,2.7594356536865234,1.9638489484786987,1.0,0.01,0.0,0.0,0.0,0.0
paraboloid,N,500,11.38625454902649,0.010599198751151562,0.02069215103983879,0.012106810696423054,0.015309215523302555,1.166320562362671,0.33774420619010925,4.246662616729736,0.6485266089439392,0.14168544113636017,0.19417636096477509,0.36111629009246826,0.6189914345741272,3.799199342727661,3.6504480838775635,0.0,0.0,0.01,0.0,0.0,0.0
paraboloid,T+N,500,11.450538873672485,0.013514245860278606,0.019780108705163002,0.004237173590809107,0.005774598103016615,1.158882975578308,0.38621091842651367,4.4885406494140625,0.8024412989616394,0.16263069212436676,0.22065386176109314,0.056602392345666885,0.10681670904159546,2.4344167709350586,1.940783143043518,1.0,0.0,0.01,0.0,0.0,0.0
paraboloid,C+N,500,13.806360960006714,0.008868024684488773,0.016420181840658188,0.013888807035982609,0.015203787945210934,1.0427141189575195,0.27547553181648254,4.444297790527344,0.6111729145050049,0.11482681334018707,0.1726323813199997,0.28795430064201355,0.5171840190887451,4.096662998199463,3.867130994796753,0.0,0.01,0.01,0.0,0.0,0.0
paraboloid,T+C+N,500,15.338189363479614,0.011059102602303028,0.0155567592009902,0.00300306873396039,0.0044192043133080006,1.0530418157577515,0.316497266292572,4.825256824493408,0.8695076704025269,0.13479869067668915,0.19014446437358856,0.049842409789562225,0.10129545629024506,2.7502708435058594,1.9682211875915527,1.0,0.01,0.01,0.0,0.0,0.0
paraboloid,D,500,9.974951267242432,0.02338879369199276,0.03950224071741104,0.022380227223038673,0.028071431443095207,1.326791763305664,0.5744126439094543,2.923687696456909,0.4609528183937073,0.32072997093200684,0.3486795723438263,0.2639552652835846,0.3848479688167572,4.159060001373291,3.6854794025421143,0.0,0.0,0.0,0.01,0.0,0.0
paraboloid,T+D,500,11.728828191757202,0.020381063222885132,0.03544572368264198,0.002476827008649707,0.003952490631490946,1.3328300714492798,0.5915634632110596,3.0510804653167725,0.48812511563301086,0.30516934394836426,0.34472349286079407,0.3562498390674591,0.9602538347244263,3.038522720336914,2.6900501251220703,1.0,0.0,0.0,0.01,0.0,0.0
paraboloid,C+D,500,15.292630434036255,0.020423078909516335,0.0343165323138237,0.02125813625752926,0.02373535744845867,1.2152646780014038,0.5073306560516357,3.0105106830596924,0.45686039328575134,0.2942209243774414,0.3256740868091583,0.23250138759613037,0.39116421341896057,4.291755199432373,4.012381076812744,0.0,0.01,0.0,0.01,0.0,0.0
paraboloid,T+C+D,500,15.28276252746582,0.018204908818006516,0.03164457157254219,0.0025479744654148817,0.0037746941670775414,1.253067135810852,0.530792236328125,3.1764159202575684,0.5210994482040405,0.2803419232368469,0.3232647776603699,0.3817557394504547,1.1044790744781494,3.0909225940704346,2.7335872650146484,1.0,0.01,0.0,0.01,0.0,0.0
paraboloid,N+D,500,10.638190984725952,0.02334641106426716,0.03982336446642876,0.020100818946957588,0.02516455203294754,1.3317078351974487,0.5782843232154846,2.9086503982543945,0.44479772448539734,0.3216911256313324,0.35036420822143555,0.24559307098388672,0.3789530396461487,4.1495771408081055,3.645761728286743,0.0,0.0,0.01,0.01,0.0,0.0
paraboloid,T+N+D,500,12.17382025718689,0.020417194813489914,0.0355428121984005,0.0024775255005806684,0.003960661590099335,1.333665370941162,0.5924435257911682,3.0478675365448,0.4869157671928406,0.30560898780822754,0.3451295495033264,0.3588261902332306,0.9686650633811951,3.040034294128418,2.6852314472198486,1.0,0.0,0.01,0.01,0.0,0.0
paraboloid,C+N+D,500,14.128659725189209,0.020296800881624222,0.034747686237096786,0.01851947046816349,0.020222533494234085,1.2199788093566895,0.5115468502044678,2.998901605606079,0.4453757703304291,0.2941950857639313,0.32696324586868286,0.2353297621011734,0.44452476501464844,4.2589826583862305,3.936502456665039,0.0,0.01,0.01,0.01,0.0,0.0
paraboloid,T+C+N+D,500,15.709822416305542,0.01823226734995842,0.03174931928515434,0.002536372048780322,0.0037590069696307182,1.254390835762024,0.532041072845459,3.1728460788726807,0.5201922059059143,0.280744343996048,0.3237704336643219,0.38453608751296997,1.1131306886672974,3.0909264087677,2.7273917198181152,1.0,0.01,0.01,0.01,0.0,0.0
paraboloid,F,500,13.197317600250244,0.0768272876739502,0.1559859961271286,0.25350967049598694,0.20158709585666656,0.8116945624351501,0.1417110115289688,6.05615758895874,0.9542725086212158,0.021561479195952415,0.044404543936252594,1.3687905073165894,1.4397650957107544,4.116364479064941,3.0118155479431152,0.0,0.0,0.0,0.0,1.0,0.0
paraboloid,T+F,500,15.003007411956787,0.0020980588160455227,0.002887388691306114,0.0030325569678097963,0.00272763567045331,0.8279643058776855,0.16451488435268402,8.485480308532715,2.0648467540740967,0.009249094873666763,0.025730911642313004,0.19997432827949524,0.4428099989891052,7.328070163726807,4.630716323852539,1.0,0.0,0.0,0.0,1.0,0.0
paraboloid,C+F,500,13.849345207214355,0.08738300949335098,0.16787831485271454,0.3073332905769348,0.23755688965320587,0.7164589166641235,0.16110756993293762,6.673340797424316,1.0572277307510376,0.021409258246421814,0.042379796504974365,1.7092074155807495,1.5328481197357178,4.766794681549072,3.0608479976654053,0.0,0.01,0.0,0.0,1.0,0.0
paraboloid,T+C+F,500,16.46018624305725,0.0023058168590068817,0.0025986558757722378,0.003211114788427949,0.0028610583394765854,0.7780356407165527,0.1489848494529724,8.774063110351562,2.1354548931121826,0.008739163167774677,0.02548329159617424,0.1960604339838028,0.4393618404865265,8.251680374145508,5.28818941116333,1.0,0.01,0.0,0.0,1.0,0.0
paraboloid,N+F,500,14.56193494796753,0.03839857876300812,0.09232936054468155,0.11462913453578949,0.10407021641731262,0.9417058825492859,0.14415691792964935,5.618696212768555,0.9534417986869812,0.02426663227379322,0.05669226869940758,0.8560137748718262,1.4028687477111816,3.8048458099365234,3.2967820167541504,0.0,0.0,0.01,0.0,1.0,0.0
paraboloid,T+N+F,500,16.076008319854736,0.0009424351155757904,0.003161470405757427,0.0022004966158419847,0.002652349416166544,0.8379349112510681,0.1709401160478592,8.452418327331543,2.0499019622802734,0.008528451435267925,0.025228561833500862,0.18921032547950745,0.4213411211967468,7.0436482429504395,4.44275426864624,1.0,0.0,0.01,0.0,1.0,0.0
paraboloid,C+N+F,500,14.409830808639526,0.044573526829481125,0.09657630324363708,0.14757463335990906,0.12635564804077148,0.8863480091094971,0.14576488733291626,5.894047737121582,1.0132094621658325,0.023918678984045982,0.05418342724442482,1.0072544813156128,1.5737440586090088,4.26535701751709,3.533146619796753,0.0,0.01,0.01,0.0,1.0,0.0
paraboloid,T+C+N+F,500,15.150469303131104,0.002424403792247176,0.0023719691671431065,0.0030865943990647793,0.002728899009525776,0.7831029891967773,0.14873887598514557,8.702829360961914,2.1263275146484375,0.008599136024713516,0.02540668100118637,0.19821184873580933,0.45691248774528503,7.936707496643066,5.024072647094727,1.0,0.01,0.01,0.0,1.0,0.0
paraboloid,D+F,500,12.969604969024658,0.0395362414419651,0.1042969673871994,0.09270933270454407,0.09328732639551163,1.1423429250717163,0.1548561453819275,4.4728193283081055,0.7428086996078491,0.025839347392320633,0.04774262383580208,0.9869681596755981,1.7062857151031494,2.938987970352173,2.8910024166107178,0.0,0.0,0.0,0.01,1.0,0.0
paraboloid,T+D+F,500,14.58074402809143,0.0031198079232126474,0.004213459324091673,0.0029239680152386427,0.003288383362814784,0.9944923520088196,0.18530917167663574,5.716562747955322,1.0594611167907715,0.017733516171574593,0.04655906558036804,0.14167089760303497,0.5457006692886353,2.6158721446990967,2.1849329471588135,1.0,0.0,0.0,0.01,1.0,0.0
paraboloid,C+D+F,500,13.420427799224854,0.0416252464056015,0.10575588792562485,0.10067538172006607,0.09579608589410782,1.0666576623916626,0.13506653904914856,4.614753246307373,0.7069069743156433,0.02552650310099125,0.047396041452884674,0.9425548315048218,1.566951870918274,2.9167239665985107,2.9008612632751465,0.0,0.01,0.0,0.01,1.0,0.0
paraboloid,T+C+D+F,500,15.011252641677856,0.0030513163655996323,0.0037593627348542213,0.00300613627769053,0.003208003006875515,0.9427058696746826,0.16527266800403595,5.841080665588379,1.0713796615600586,0.01741071045398712,0.045011747628450394,0.13803060352802277,0.5371071100234985,2.773160696029663,2.188326120376587,1.0,0.01,0.0,0.01,1.0,0.0
paraboloid,N+D+F,500,13.550243377685547,0.025517161935567856,0.07041565328836441,0.056826893240213394,0.058157891035079956,1.151198387145996,0.17917226254940033,4.655065059661865,0.8645516037940979,0.02597341686487198,0.05176321417093277,0.8952108025550842,1.8087540864944458,2.8023409843444824,2.985487222671509,0.0,0.0,0.01,0.01,1.0,0.0
paraboloid,T+N+D+F,500,15.12683367729187,0.0031016170978546143,0.00413410784676671,0.0028472570702433586,0.0031340704299509525,0.9926784038543701,0.18440966308116913,5.720613479614258,1.0651485919952393,0.017884474247694016,0.0470757782459259,0.13816940784454346,0.5313946008682251,2.6062443256378174,2.198326587677002,1.0,0.0,0.01,0.01,1.0,0.0
paraboloid,C+N+D+F,500,14.004745244979858,0.025883393362164497,0.06933189928531647,0.05830608308315277,0.05748751387000084,1.0872313976287842,0.16678990423679352,4.793859958648682,0.8542831540107727,0.025491274893283844,0.05247661843895912,0.8443315625190735,1.7699098587036133,2.8595430850982666,3.019109010696411,0.0,0.01,0.01,0.01,1.0,0.0
paraboloid,T+C+N+D+F,500,15.82137942314148,0.002673621289432049,0.0036714072339236736,0.00271215895190835,0.0030231226701289415,0.9489071369171143,0.1676740050315857,5.823589324951172,1.0646164417266846,0.01714402623474598,0.04535110667347908,0.12875601649284363,0.5062300562858582,2.727692127227783,2.188436508178711,1.0,0.01,0.01,0.01,1.0,0.0
paraboloid,K,500,22.50426983833313,0.010139302350580692,0.027026576921343803,0.0009723046678118408,0.0015949441585689783,1.1873303651809692,0.35933613777160645,4.533807754516602,0.8015528321266174,0.13934561610221863,0.21177548170089722,0.007165922783315182,0.012463042512536049,2.1707565784454346,1.9167510271072388,0.0,0.0,0.0,0.0,0.0,1.0
paraboloid,T+K,500,23.244046211242676,0.009004805237054825,0.024425581097602844,0.0009835216915234923,0.0017123965080827475,1.1807007789611816,0.3664935529232025,4.371969699859619,0.711055338382721,0.138863205909729,0.21259450912475586,0.008337021805346012,0.014869894832372665,2.0459578037261963,1.9974583387374878,1.0,0.0,0.0,0.0,0.0,1.0
paraboloid,C+K,500,24.247982501983643,0.010274389758706093,0.029802612960338593,0.0016439553583040833,0.0019420101307332516,1.153434157371521,0.33206993341445923,4.506528854370117,0.7629426121711731,0.14210206270217896,0.21384142339229584,0.010960927233099937,0.013248831033706665,2.222196578979492,1.9499417543411255,0.0,0.01,0.0,0.0,0.0,1.0
paraboloid,T+C+K,500,25.0760657787323,0.011331622488796711,0.021559787914156914,0.002123953541740775,0.0023385274689644575,1.157004952430725,0.3483673930168152,4.5067572593688965,0.7350116968154907,0.1338413804769516,0.20900306105613708,0.014169803820550442,0.014406837522983551,2.1329152584075928,1.9963774681091309,1.0,0.01,0.0,0.0,0.0,1.0
paraboloid,N+K,500,23.083884716033936,0.010559266433119774,0.027734559029340744,0.0017594622913748026,0.0021997096482664347,1.1892249584197998,0.3583008646965027,4.403514385223389,0.7454758286476135,0.14644885063171387,0.2180626094341278,0.01188867911696434,0.01478844415396452,2.2378780841827393,2.0097906589508057,0.0,0.0,0.01,0.0,0.0,1.0
paraboloid,T+N+K,500,23.824767112731934,0.010363457724452019,0.025502804666757584,0.0017854933394119143,0.0016925856471061707,1.1751611232757568,0.3613317012786865,4.349728584289551,0.7301132678985596,0.14187902212142944,0.21872179210186005,0.012705358676612377,0.014346452429890633,2.0447254180908203,1.974724292755127,1.0,0.0,0.01,0.0,0.0,1.0
paraboloid,C+N+K,500,26.716421604156494,0.010822140611708164,0.02778421901166439,0.0023184625897556543,0.0023651421070098877,1.149557113647461,0.33307185769081116,4.494802951812744,0.7685514092445374,0.14014402031898499,0.2146150916814804,0.01601170003414154,0.016545675694942474,2.3093597888946533,2.0466413497924805,0.0,0.01,0.01,0.0,0.0,1.0
paraboloid,T+C+N+K,500,26.692762851715088,0.009200776927173138,0.02584175579249859,0.0014047414297237992,0.0015485240146517754,1.1433261632919312,0.3398939371109009,4.51108455657959,0.7574640512466431,0.1304025501012802,0.2079710215330124,0.009923099540174007,0.012748061679303646,2.1450836658477783,1.995107889175415,1.0,0.01,0.01,0.0,0.0,1.0
paraboloid,D+K,500,23.574219226837158,0.01575317233800888,0.036104265600442886,0.0018146393122151494,0.002615812001749873,1.2939013242721558,0.46716591715812683,3.5310235023498535,0.5365766286849976,0.20947201550006866,0.27747514843940735,0.014330336824059486,0.023102065548300743,2.4829680919647217,2.247548818588257,0.0,0.0,0.0,0.01,0.0,1.0
paraboloid,T+D+K,500,24.117537260055542,0.015432764776051044,0.03323189541697502,0.0018834961811080575,0.002234074054285884,1.295625925064087,0.4720804691314697,3.605103015899658,0.5742170810699463,0.1978733092546463,0.2730278968811035,0.01296442374587059,0.016546720638871193,2.3145055770874023,2.1361358165740967,1.0,0.0,0.0,0.01,0.0,1.0
paraboloid,C+D+K,500,24.88555383682251,0.014259387739002705,0.037302542477846146,0.0016435065772384405,0.002245878102257848,1.2443186044692993,0.4314282536506653,3.6317014694213867,0.5977795124053955,0.1874585598707199,0.2619788646697998,0.013787894509732723,0.019500702619552612,2.467977523803711,2.243908166885376,0.0,0.01,0.0,0.01,0.0,1.0
paraboloid,T+C+D+K,500,25.888952493667603,0.01341947726905346,0.03500836715102196,0.0012580860638990998,0.0018776514334604144,1.2315685749053955,0.4251365065574646,3.674043893814087,0.6104671955108643,0.17749370634555817,0.2559875249862671,0.01311262883245945,0.018458573147654533,2.295123338699341,2.1564698219299316,1.0,0.01,0.0,0.01,0.0,1.0
paraboloid,N+D+K,500,24.103253602981567,0.015992749482393265,0.03427087143063545,0.0025328497868031263,0.003059114795178175,1.2913918495178223,0.46617692708969116,3.571016788482666,0.5691331624984741,0.20500503480434418,0.27635452151298523,0.017184287309646606,0.022337686270475388,2.4863102436065674,2.2503910064697266,0.0,0.0,0.01,0.01,0.0,1.0
paraboloid,T+N+D+K,500,24.913132667541504,0.014210723340511322,0.03648810461163521,0.0014643167378380895,0.002133662812411785,1.2857252359390259,0.46794503927230835,3.5913236141204834,0.5782737731933594,0.1943466067314148,0.27101626992225647,0.011668602004647255,0.016333363950252533,2.3174049854278564,2.140146017074585,1.0,0.0,0.01,0.01,0.0,1.0
paraboloid,C+N+D+K,500,25.455483198165894,0.01511496864259243,0.03373078629374504,0.00253476994112134,0.002813715720549226,1.2474862337112427,0.43502503633499146,3.6455471515655518,0.5967311859130859,0.19022715091705322,0.264499694108963,0.018743088468909264,0.0219355970621109,2.5102145671844482,2.2744252681732178,0.0,0.01,0.01,0.01,0.0,1.0
paraboloid,T+C+N+D+K,500,26.41631269454956,0.013914014212787151,0.03250232711434364,0.0017042327672243118,0.002382895676419139,1.2506110668182373,0.4389333128929138,3.7059237957000732,0.6034669280052185,0.18087346851825714,0.25949639081954956,0.013434616848826408,0.018145954236388206,2.385913133621216,2.2360782623291016,1.0,0.01,0.01,0.01,0.0,1.0
paraboloid,F+K,500,25.087148666381836,0.004386220593005419,0.004185757599771023,0.002565566683188081,0.002500265371054411,0.8640268445014954,0.18855707347393036,7.2843217849731445,1.564270257949829,0.011842095293104649,0.034003932029008865,0.01657864823937416,0.013371375389397144,4.58094596862793,2.3514199256896973,0.0,0.0,0.0,0.0,1.0,1.0
paraboloid,T+F+K,500,25.41929817199707,0.0017534116050228477,0.005017208866775036,0.0007167812436819077,0.0006712016183882952,0.8880143165588379,0.21010607481002808,7.174359321594238,1.557062029838562,0.011783430352807045,0.03911647945642471,0.006184358615428209,0.006583769805729389,4.15499210357666,2.1333487033843994,1.0,0.0,0.0,0.0,1.0,1.0
paraboloid,C+F+K,500,25.098393201828003,0.001711351447738707,0.005097337532788515,0.0004675504460465163,0.0005540314596146345,0.8320557475090027,0.18239712715148926,7.394833087921143,1.6376233100891113,0.009694677777588367,0.029193740338087082,0.00526635255664587,0.0084215784445405,4.846762180328369,2.4307310581207275,0.0,0.01,0.0,0.0,1.0,1.0
paraboloid,T+C+F+K,500,26.019888877868652,0.002697804942727089,0.0038040089420974255,0.0008105533197522163,0.000754909822717309,0.8739875555038452,0.19309769570827484,7.3253631591796875,1.5738390684127808,0.011596237309277058,0.03888994827866554,0.0076798005029559135,0.007560112979263067,4.509038925170898,2.2768759727478027,1.0,0.01,0.0,0.0,1.0,1.0
paraboloid,N+F+K,500,24.848533868789673,0.005884000565856695,0.006439468823373318,0.0006064241752028465,0.000668482156470418,0.8586296439170837,0.19854377210140228,7.206858158111572,1.6216996908187866,0.014931071549654007,0.032960157841444016,0.006525249686092138,0.008093755692243576,4.521905422210693,2.298124313354492,0.0,0.0,0.01,0.0,1.0,1.0
paraboloid,T+N+F+K,500,24.734108209609985,0.0019780234433710575,0.004227792378515005,0.002332536969333887,0.002940468257293105,0.8787797689437866,0.19285911321640015,7.208961009979248,1.5626816749572754,0.012952128425240517,0.03689628839492798,0.017933428287506104,0.019955338910222054,4.226010322570801,2.173821210861206,1.0,0.0,0.01,0.0,1.0,1.0
paraboloid,C+N+F+K,500,24.401267528533936,0.0026627250481396914,0.0036675725132226944,0.001241265912540257,0.00116809643805027,0.8443158268928528,0.18175478279590607,7.439916133880615,1.6041233539581299,0.01007816195487976,0.03168744593858719,0.00990177784115076,0.009564249776303768,4.853379249572754,2.4424455165863037,0.0,0.01,0.01,0.0,1.0,1.0
paraboloid,T+C+N+F+K,500,25.417969703674316,0.0010190685279667377,0.004859755747020245,0.00025222080876119435,0.0004346618661656976,0.8497505784034729,0.1845763772726059,7.3208723068237305,1.5967493057250977,0.010301079601049423,0.034166399389505386,0.0033802068792283535,0.005992302671074867,4.604004859924316,2.292076349258423,1.0,0.01,0.01,0.0,1.0,1.0
paraboloid,D+F+K,500,24.9181809425354,0.002386322245001793,0.006302906200289726,0.0006017218111082911,0.0007888051331974566,0.9541504383087158,0.19180262088775635,5.861373424530029,1.1421879529953003,0.020782502368092537,0.05504231154918671,0.004484141711145639,0.005852171219885349,2.724468946456909,1.8109843730926514,0.0,0.0,0.0,0.01,1.0,1.0
paraboloid,T+D+F+K,500,26.076944828033447,0.0031860307790338993,0.006976306904107332,0.0007552917231805623,0.0006631162250414491,0.9542537927627563,0.19950273633003235,5.8479108810424805,1.1718120574951172,0.020546384155750275,0.05567137897014618,0.005189457908272743,0.005188388749957085,2.6015660762786865,1.7363417148590088,1.0,0.0,0.0,0.01,1.0,1.0
paraboloid,C+D+F+K,500,25.41351318359375,0.003183841472491622,0.007069758605211973,0.0006862824084237218,0.0008295215666294098,0.9262042045593262,0.17770901322364807,5.896488189697266,1.1595299243927002,0.02031780034303665,0.052064452320337296,0.0049268282018601894,0.006689151749014854,2.83162522315979,1.8116719722747803,0.0,0.01,0.0,0.01,1.0,1.0
paraboloid,T+C+D+F+K,500,26.703559160232544,0.004404260311275721,0.006388483569025993,0.0016503595979884267,0.0012986030196771026,0.9444724321365356,0.1858004927635193,5.9555277824401855,1.185058832168579,0.021325180307030678,0.05705476924777031,0.012304962612688541,0.011704730801284313,2.6812074184417725,1.7678260803222656,1.0,0.01,0.0,0.01,1.0,1.0
paraboloid,N+D+F+K,500,25.680829286575317,0.0021273044403642416,0.006276443600654602,0.000694006506819278,0.0007093073218129575,0.9436721205711365,0.1830921620130539,5.83364200592041,1.1350868940353394,0.021196812391281128,0.05466262996196747,0.0054442440159618855,0.0056026047095656395,2.7539994716644287,1.8232487440109253,0.0,0.0,0.01,0.01,1.0,1.0
paraboloid,T+N+D+F+K,500,26.582310438156128,0.00208704499527812,0.006381035316735506,0.0005137749249115586,0.0006984054925851524,0.9554497599601746,0.1949964165687561,5.846891403198242,1.155299186706543,0.020996935665607452,0.05723460391163826,0.004629017319530249,0.005863531492650509,2.672412395477295,1.7874351739883423,1.0,0.0,0.01,0.01,1.0,1.0
paraboloid,C+N+D+F+K,500,27.500751733779907,0.004157918971031904,0.0078113144263625145,0.0014784097438678145,0.0012228578561916947,0.9359022378921509,0.19356629252433777,5.963719367980957,1.1673011779785156,0.020332736894488335,0.05216607451438904,0.008849759586155415,0.007978657260537148,2.861370801925659,1.841769814491272,0.0,0.01,0.01,0.01,1.0,1.0
paraboloid,T+C+N+D+F+K,500,27.326814889907837,0.0031751878559589386,0.007014800328761339,0.0008988358895294368,0.0007776467246003449,0.9403824806213379,0.18409229815006256,5.912618637084961,1.1877408027648926,0.020650500431656837,0.05506625398993492,0.007270555477589369,0.006216499023139477,2.710109233856201,1.7767462730407715,1.0,0.01,0.01,0.01,1.0,1.0
hyperbolic paraboloid,baseline,500,5.710504055023193,0.013870226219296455,0.02040323056280613,0.019227955490350723,0.022971292957663536,1.2304933071136475,0.2853795886039734,5.261870861053467,0.8713774085044861,0.14425134658813477,0.14134055376052856,0.188465878367424,0.260038822889328,14.529293060302734,3.496823787689209,0.0,0.0,0.0,0.0,0.0,0.0
hyperbolic paraboloid,T,500,11.175343990325928,0.01058830413967371,0.019179491326212883,0.003044376615434885,0.004346379078924656,1.2195619344711304,0.29275357723236084,5.42373514175415,1.018848180770874,0.14409177005290985,0.1497175246477127,0.029210442677140236,0.046480074524879456,19.08710479736328,4.277978897094727,1.0,0.0,0.0,0.0,0.0,0.0
hyperbolic paraboloid,C,500,9.86605954170227,0.009020832367241383,0.01348164677619934,0.020527537912130356,0.022349577397108078,0.8994900584220886,0.13186965882778168,6.849147319793701,1.2644764184951782,0.07676360011100769,0.09465830773115158,0.18909132480621338,0.29243725538253784,23.49179458618164,7.436608791351318,0.0,0.01,0.0,0.0,0.0,0.0
hyperbolic paraboloid,T+C,500,14.70487642288208,0.006312944460660219,0.01217346265912056,0.001962781185284257,0.0022179014049470425,0.9366164207458496,0.19998589158058167,6.7638020515441895,1.4158687591552734,0.080568328499794,0.10388801991939545,0.022372106090188026,0.04008565843105316,24.611425399780273,6.481419086456299,1.0,0.01,0.0,0.0,0.0,0.0
hyperbolic paraboloid,N,500,9.866129159927368,0.013810720294713974,0.020016340538859367,0.0159417986869812,0.01779148541390896,1.2782645225524902,0.31186795234680176,5.107461929321289,0.8446062803268433,0.15469077229499817,0.14465707540512085,0.17587682604789734,0.24360087513923645,14.8729887008667,3.524056911468506,0.0,0.0,0.01,0.0,0.0,0.0
hyperbolic paraboloid,T+N,500,11.473070859909058,0.010754172690212727,0.019520070403814316,0.0030247715767472982,0.004301000852137804,1.2273727655410767,0.29843077063560486,5.374189376831055,1.0013481378555298,0.1470436453819275,0.15163084864616394,0.02870386280119419,0.046268854290246964,18.74637222290039,4.194060325622559,1.0,0.0,0.01,0.0,0.0,0.0
hyperbolic paraboloid,C+N,500,13.543610095977783,0.008487077429890633,0.012476935051381588,0.014533605426549911,0.015433749184012413,0.9216179847717285,0.1465613842010498,6.753176689147949,1.2663851976394653,0.0734773799777031,0.09114475548267365,0.16398130357265472,0.25259876251220703,25.141828536987305,7.996381759643555,0.0,0.01,0.01,0.0,0.0,0.0
hyperbolic paraboloid,T+C+N,500,14.812771558761597,0.0060919299721717834,0.011711850762367249,0.001765929744578898,0.002527831122279167,0.9374516606330872,0.20177727937698364,6.713655948638916,1.4003262519836426,0.08270823210477829,0.10535570234060287,0.01968415267765522,0.030578134581446648,24.087343215942383,6.37553596496582,1.0,0.01,0.01,0.0,0.0,0.0
hyperbolic paraboloid,D,500,9.602385759353638,0.034982386976480484,0.045379798859357834,0.02006544917821884,0.022539451718330383,1.795013666152954,0.6969772577285767,2.664231538772583,0.30928993225097656,0.3680933713912964,0.23500894010066986,0.3449292480945587,1.059261679649353,10.4472017288208,1.8187222480773926,0.0,0.0,0.0,0.01,0.0,0.0
hyperbolic paraboloid,T+D,500,11.42780327796936,0.022669648751616478,0.031801946461200714,0.005480834748595953,0.00691042048856616,1.7262581586837769,0.6200502514839172,2.972853899002075,0.4471033811569214,0.3084862232208252,0.23201237618923187,0.21101395785808563,0.6493445038795471,11.17288875579834,2.112485408782959,1.0,0.0,0.0,0.01,0.0,0.0
hyperbolic paraboloid,C+D,500,13.35779070854187,0.02185261808335781,0.03252771124243736,0.01861880160868168,0.020947353914380074,1.3338875770568848,0.4821365773677826,2.997342109680176,0.40989261865615845,0.2407255321741104,0.21394161880016327,0.11102801561355591,0.20654280483722687,15.203362464904785,4.064119338989258,0.0,0.01,0.0,0.01,0.0,0.0
hyperbolic paraboloid,T+C+D,500,14.931294202804565,0.01538100652396679,0.025654882192611694,0.0039952644146978855,0.0054108803160488605,1.3783119916915894,0.5074765682220459,3.264545202255249,0.5658465027809143,0.2261410355567932,0.21234385669231415,0.15546073019504547,0.437219500541687,11.474053382873535,2.483391046524048,1.0,0.01,0.0,0.01,0.0,0.0
hyperbolic paraboloid,N+D,500,10.332011222839355,0.034959930926561356,0.04497029259800911,0.017830464988946915,0.020220957696437836,1.8129271268844604,0.7157042026519775,2.621180772781372,0.29644694924354553,0.38125112652778625,0.23899750411510468,0.5298886299133301,1.4897255897521973,10.622052192687988,1.9362372159957886,0.0,0.0,0.01,0.01,0.0,0.0
hyperbolic paraboloid,T+N+D,500,12.136445045471191,0.022691354155540466,0.03184283524751663,0.0054410709999501705,0.006850061938166618,1.7269606590270996,0.6209726333618164,2.969265937805176,0.4460846185684204,0.3085189461708069,0.23231549561023712,0.21652187407016754,0.6607480645179749,11.101926803588867,2.083238363265991,1.0,0.0,0.01,0.01,0.0,0.0
hyperbolic paraboloid,C+N+D,500,13.957554340362549,0.021887818351387978,0.03251711279153824,0.014564910903573036,0.016602281481027603,1.3234394788742065,0.501681387424469,2.9600131511688232,0.39430561661720276,0.24974794685840607,0.2207258641719818,0.1732286959886551,0.3513128459453583,15.839235305786133,4.440837383270264,0.0,0.01,0.01,0.01,0.0,0.0
hyperbolic paraboloid,T+C+N+D,500,16.261754035949707,0.015365718863904476,0.025658899918198586,0.003935749642550945,0.005351776722818613,1.3790117502212524,0.5084037780761719,3.259690523147583,0.5643134117126465,0.22583352029323578,0.2128022164106369,0.15832233428955078,0.4366461932659149,11.32501220703125,2.4278504848480225,1.0,0.01,0.01,0.01,0.0,0.0
hyperbolic paraboloid,F,500,13.911696195602417,0.02879057638347149,0.04612671583890915,0.09990125894546509,0.09591736644506454,0.8403237462043762,0.12325458228588104,6.527698040008545,1.3131829500198364,0.0109542952850461,0.013716836459934711,0.4145349860191345,0.7529715299606323,2.777210235595703,2.0248703956604004,0.0,0.0,0.0,0.0,1.0,0.0
hyperbolic paraboloid,T+F,500,15.297413110733032,0.0010372340911999345,0.001447810442186892,0.0015877651749178767,0.001664095907472074,0.8686090707778931,0.11601628363132477,8.349394798278809,2.4890239238739014,0.009006590582430363,0.01506988424807787,0.04927542805671692,0.0678180456161499,56.30558776855469,12.611907005310059,1.0,0.0,0.0,0.0,1.0,0.0
hyperbolic paraboloid,C+F,500,13.902676820755005,0.041812796145677567,0.06060649827122688,0.15488633513450623,0.12956371903419495,0.7357571125030518,0.1059948205947876,6.916947364807129,1.3153924942016602,0.0099211186170578,0.011905347928404808,0.5208714604377747,0.8981672525405884,3.0514767169952393,2.2535438537597656,0.0,0.01,0.0,0.0,1.0,0.0
hyperbolic paraboloid,T+C+F,500,15.451658248901367,0.0011032685870304704,0.001496442244388163,0.0015833070501685143,0.0016613545594736934,0.8157952427864075,0.09694188833236694,8.739089012145996,2.560917377471924,0.00860039982944727,0.013995370827615261,0.04527006670832634,0.06238759309053421,59.73849868774414,14.005317687988281,1.0,0.01,0.0,0.0,1.0,0.0
hyperbolic paraboloid,N+F,500,14.311291217803955,0.009621844626963139,0.018679259344935417,0.0301860049366951,0.03499039635062218,0.9382915496826172,0.19038017094135284,7.212357997894287,1.7595294713974,0.010608556680381298,0.016322193667292595,0.45085176825523376,0.7081881761550903,4.489556789398193,2.835763931274414,0.0,0.0,0.01,0.0,1.0,0.0
