surface,penalty,epochs,time_sec,reconstruction_mean,reconstruction_std,tangent_mean,tangent_std,encoder contr_mean,encoder contr_std,decoder contr_mean,decoder contr_std,diffeo_mean,diffeo_std,curvature_mean,curvature_std,hessian_mean,hessian_std,weight_tangent_bundle,weight_contractive,weight_normal_decoder_jacobian,weight_decoder_contraction,weight_diffeo,weight_curvature
paraboloid,baseline,500,8.65093994140625,0.011161528527736664,0.021422211080789566,0.013753901235759258,0.016096515581011772,1.1632106304168701,0.33305230736732483,4.248672962188721,0.6715342998504639,0.14255006611347198,0.19334374368190765,0.4251541495323181,0.678600013256073,3.979897975921631,3.8956873416900635,0.0,0.0,0.0,0.0,0.0,0.0
paraboloid,T,500,12.308233737945557,0.01359618455171585,0.019656145945191383,0.004254883620887995,0.005777955986559391,1.1566816568374634,0.38303157687187195,4.510966777801514,0.8066083192825317,0.16094215214252472,0.21864186227321625,0.054989252239465714,0.09778539091348648,2.443591356277466,1.947299838066101,1.0,0.0,0.0,0.0,0.0,0.0
paraboloid,C,500,11.043428897857666,0.00944675412029028,0.01776944100856781,0.016551226377487183,0.015450356528162956,1.0485554933547974,0.27178314328193665,4.41214656829834,0.6361730694770813,0.12075986713171005,0.17346808314323425,0.38804349303245544,0.6046739816665649,4.329774856567383,4.228825092315674,0.0,0.01,0.0,0.0,0.0,0.0
paraboloid,T+C,500,17.035062551498413,0.010383881628513336,0.016076724976301193,0.0026493514887988567,0.004094118718057871,1.045562982559204,0.3098026514053345,4.856603145599365,0.8718412518501282,0.13059942424297333,0.18576347827911377,0.044760849326848984,0.08083825558423996,2.7594356536865234,1.9638489484786987,1.0,0.01,0.0,0.0,0.0,0.0
paraboloid,N,500,11.38625454902649,0.010599198751151562,0.02069215103983879,0.012106810696423054,0.015309215523302555,1.166320562362671,0.33774420619010925,4.246662616729736,0.6485266089439392,0.14168544113636017,0.19417636096477509,0.36111629009246826,0.6189914345741272,3.799199342727661,3.6504480838775635,0.0,0.0,0.01,0.0,0.0,0.0
paraboloid,T+N,500,11.450538873672485,0.013514245860278606,0.019780108705163002,0.004237173590809107,0.005774598103016615,1.158882975578308,0.38621091842651367,4.4885406494140625,0.8024412989616394,0.16263069212436676,0.22065386176109314,0.056602392345666885,0.10681670904159546,2.4344167709350586,1.940783143043518,1.0,0.0,0.01,0.0,0.0,0.0
paraboloid,C+N,500,13.806360960006714,0.008868024684488773,0.016420181840658188,0.013888807035982609,0.015203787945210934,1.0427141189575195,0.27547553181648254,4.444297790527344,0.6111729145050049,0.11482681334018707,0.1726323813199997,0.28795430064201355,0.5171840190887451,4.096662998199463,3.867130994796753,0.0,0.01,0.01,0.0,0.0,0.0
paraboloid,T+C+N,500,15.338189363479614,0.011059102602303028,0.0155567592009902,0.00300306873396039,0.0044192043133080006,1.0530418157577515,0.316497266292572,4.825256824493408,0.8695076704025269,0.13479869067668915,0.19014446437358856,0.049842409789562225,0.10129545629024506,2.7502708435058594,1.9682211875915527,1.0,0.01,0.01,0.0,0.0,0.0
paraboloid,D,500,9.974951267242432,0.02338879369199276,0.03950224071741104,0.022380227223038673,0.028071431443095207,1.326791763305664,0.5744126439094543,2.923687696456909,0.4609528183937073,0.32072997093200684,0.3486795723438263,0.2639552652835846,0.3848479688167572,4.159060001373291,3.6854794025421143,0.0,0.0,0.0,0.01,0.0,0.0
paraboloid,T+D,500,11.728828191757202,0.020381063222885132,0.03544572368264198,0.002476827008649707,0.003952490631490946,1.3328300714492798,0.5915634632110596,3.0510804653167725,0.48812511563301086,0.30516934394836426,0.34472349286079407,0.3562498390674591,0.9602538347244263,3.038522720336914,2.6900501251220703,1.0,0.0,0.0,0.01,0.0,0.0
paraboloid,C+D,500,15.292630434036255,0.020423078909516335,0.0343165323138237,0.02125813625752926,0.02373535744845867,1.2152646780014038,0.5073306560516357,3.0105106830596924,0.45686039328575134,0.2942209243774414,0.3256740868091583,0.23250138759613037,0.39116421341896057,4.291755199432373,4.012381076812744,0.0,0.01,0.0,0.01,0.0,0.0
paraboloid,T+C+D,500,15.28276252746582,0.018204908818006516,0.03164457157254219,0.0025479744654148817,0.0037746941670775414,1.253067135810852,0.530792236328125,3.1764159202575684,0.5210994482040405,0.2803419232368469,0.3232647776603699,0.3817557394504547,1.1044790744781494,3.0909225940704346,2.7335872650146484,1.0,0.01,0.0,0.01,0.0,0.0
paraboloid,N+D,500,10.638190984725952,0.02334641106426716,0.03982336446642876,0.020100818946957588,0.02516455203294754,1.3317078351974487,0.5782843232154846,2.9086503982543945,0.44479772448539734,0.3216911256313324,0.35036420822143555,0.24559307098388672,0.3789530396461487,4.1495771408081055,3.645761728286743,0.0,0.0,0.01,0.01,0.0,0.0
paraboloid,T+N+D,500,12.17382025718689,0.020417194813489914,0.0355428121984005,0.0024775255005806684,0.003960661590099335,1.333665370941162,0.5924435257911682,3.0478675365448,0.4869157671928406,0.30560898780822754,0.3451295495033264,0.3588261902332306,0.9686650633811951,3.040034294128418,2.6852314472198486,1.0,0.0,0.01,0.01,0.0,0.0
paraboloid,C+N+D,500,14.128659725189209,0.020296800881624222,0.034747686237096786,0.01851947046816349,0.020222533494234085,1.2199788093566895,0.5115468502044678,2.998901605606079,0.4453757703304291,0.2941950857639313,0.32696324586868286,0.2353297621011734,0.44452476501464844,4.2589826583862305,3.936502456665039,0.0,0.01,0.01,0.01,0.0,0.0
paraboloid,T+C+N+D,500,15.709822416305542,0.01823226734995842,0.03174931928515434,0.002536372048780322,0.0037590069696307182,1.254390835762024,0.532041072845459,3.1728460788726807,0.5201922059059143,0.280744343996048,0.3237704336643219,0.38453608751296997,1.1131306886672974,3.0909264087677,2.7273917198181152,1.0,0.01,0.01,0.01,0.0,0.0
paraboloid,F,500,13.197317600250244,0.0768272876739502,0.1559859961271286,0.25350967049598694,0.20158709585666656,0.8116945624351501,0.1417110115289688,6.05615758895874,0.9542725086212158,0.021561479195952415,0.044404543936252594,1.3687905073165894,1.4397650957107544,4.116364479064941,3.0118155479431152,0.0,0.0,0.0,0.0,1.0,0.0
paraboloid,T+F,500,15.003007411956787,0.0020980588160455227,0.002887388691306114,0.0030325569678097963,0.00272763567045331,0.8279643058776855,0.16451488435268402,8.485480308532715,2.0648467540740967,0.009249094873666763,0.025730911642313004,0.19997432827949524,0.4428099989891052,7.328070163726807,4.630716323852539,1.0,0.0,0.0,0.0,1.0,0.0
paraboloid,C+F,500,13.849345207214355,0.08738300949335098,0.16787831485271454,0.3073332905769348,0.23755688965320587,0.7164589166641235,0.16110756993293762,6.673340797424316,1.0572277307510376,0.021409258246421814,0.042379796504974365,1.7092074155807495,1.5328481197357178,4.766794681549072,3.0608479976654053,0.0,0.01,0.0,0.0,1.0,0.0
paraboloid,T+C+F,500,16.46018624305725,0.0023058168590068817,0.0025986558757722378,0.003211114788427949,0.0028610583394765854,0.7780356407165527,0.1489848494529724,8.774063110351562,2.1354548931121826,0.008739163167774677,0.02548329159617424,0.1960604339838028,0.4393618404865265,8.251680374145508,5.28818941116333,1.0,0.01,0.0,0.0,1.0,0.0
paraboloid,N+F,500,14.56193494796753,0.03839857876300812,0.09232936054468155,0.11462913453578949,0.10407021641731262,0.9417058825492859,0.14415691792964935,5.618696212768555,0.9534417986869812,0.02426663227379322,0.05669226869940758,0.8560137748718262,1.4028687477111816,3.8048458099365234,3.2967820167541504,0.0,0.0,0.01,0.0,1.0,0.0
paraboloid,T+N+F,500,16.076008319854736,0.0009424351155757904,0.003161470405757427,0.0022004966158419847,0.002652349416166544,0.8379349112510681,0.1709401160478592,8.452418327331543,2.0499019622802734,0.008528451435267925,0.025228561833500862,0.18921032547950745,0.4213411211967468,7.0436482429504395,4.44275426864624,1.0,0.0,0.01,0.0,1.0,0.0
paraboloid,C+N+F,500,14.409830808639526,0.044573526829481125,0.09657630324363708,0.14757463335990906,0.12635564804077148,0.8863480091094971,0.14576488733291626,5.894047737121582,1.0132094621658325,0.023918678984045982,0.05418342724442482,1.0072544813156128,1.5737440586090088,4.26535701751709,3.533146619796753,0.0,0.01,0.01,0.0,1.0,0.0
paraboloid,T+C+N+F,500,15.150469303131104,0.002424403792247176,0.0023719691671431065,0.0030865943990647793,0.002728899009525776,0.7831029891967773,0.14873887598514557,8.702829360961914,2.1263275146484375,0.008599136024713516,0.02540668100118637,0.19821184873580933,0.45691248774528503,7.936707496643066,5.024072647094727,1.0,0.01,0.01,0.0,1.0,0.0
paraboloid,D+F,500,12.969604969024658,0.0395362414419651,0.1042969673871994,0.09270933270454407,0.09328732639551163,1.1423429250717163,0.1548561453819275,4.4728193283081055,0.7428086996078491,0.025839347392320633,0.04774262383580208,0.9869681596755981,1.7062857151031494,2.938987970352173,2.8910024166107178,0.0,0.0,0.0,0.01,1.0,0.0
paraboloid,T+D+F,500,14.58074402809143,0.0031198079232126474,0.004213459324091673,0.0029239680152386427,0.003288383362814784,0.9944923520088196,0.18530917167663574,5.716562747955322,1.0594611167907715,0.017733516171574593,0.04655906558036804,0.14167089760303497,0.5457006692886353,2.6158721446990967,2.1849329471588135,1.0,0.0,0.0,0.01,1.0,0.0
paraboloid,C+D+F,500,13.420427799224854,0.0416252464056015,0.10575588792562485,0.10067538172006607,0.09579608589410782,1.0666576623916626,0.13506653904914856,4.614753246307373,0.7069069743156433,0.02552650310099125,0.047396041452884674,0.9425548315048218,1.566951870918274,2.9167239665985107,2.9008612632751465,0.0,0.01,0.0,0.01,1.0,0.0
paraboloid,T+C+D+F,500,15.011252641677856,0.0030513163655996323,0.0037593627348542213,0.00300613627769053,0.003208003006875515,0.9427058696746826,0.16527266800403595,5.841080665588379,1.0713796615600586,0.01741071045398712,0.045011747628450394,0.13803060352802277,0.5371071100234985,2.773160696029663,2.188326120376587,1.0,0.01,0.0,0.01,1.0,0.0
paraboloid,N+D+F,500,13.550243377685547,0.025517161935567856,0.07041565328836441,0.056826893240213394,0.058157891035079956,1.151198387145996,0.17917226254940033,4.655065059661865,0.8645516037940979,0.02597341686487198,0.05176321417093277,0.8952108025550842,1.8087540864944458,2.8023409843444824,2.985487222671509,0.0,0.0,0.01,0.01,1.0,0.0
paraboloid,T+N+D+F,500,15.12683367729187,0.0031016170978546143,0.00413410784676671,0.0028472570702433586,0.0031340704299509525,0.9926784038543701,0.18440966308116913,5.720613479614258,1.0651485919952393,0.017884474247694016,0.0470757782459259,0.13816940784454346,0.5313946008682251,2.6062443256378174,2.198326587677002,1.0,0.0,0.01,0.01,1.0,0.0
paraboloid,C+N+D+F,500,14.004745244979858,0.025883393362164497,0.06933189928531647,0.05830608308315277,0.05748751387000084,1.0872313976287842,0.16678990423679352,4.793859958648682,0.8542831540107727,0.025491274893283844,0.05247661843895912,0.8443315625190735,1.7699098587036133,2.8595430850982666,3.019109010696411,0.0,0.01,0.01,0.01,1.0,0.0
paraboloid,T+C+N+D+F,500,15.82137942314148,0.002673621289432049,0.0036714072339236736,0.00271215895190835,0.0030231226701289415,0.9489071369171143,0.1676740050315857,5.823589324951172,1.0646164417266846,0.01714402623474598,0.04535110667347908,0.12875601649284363,0.5062300562858582,2.727692127227783,2.188436508178711,1.0,0.01,0.01,0.01,1.0,0.0
paraboloid,K,500,22.50426983833313,0.010139302350580692,0.027026576921343803,0.0009723046678118408,0.0015949441585689783,1.1873303651809692,0.35933613777160645,4.533807754516602,0.8015528321266174,0.13934561610221863,0.21177548170089722,0.007165922783315182,0.012463042512536049,2.1707565784454346,1.9167510271072388,0.0,0.0,0.0,0.0,0.0,1.0
paraboloid,T+K,500,23.244046211242676,0.009004805237054825,0.024425581097602844,0.0009835216915234923,0.0017123965080827475,1.1807007789611816,0.3664935529232025,4.371969699859619,0.711055338382721,0.138863205909729,0.21259450912475586,0.008337021805346012,0.014869894832372665,2.0459578037261963,1.9974583387374878,1.0,0.0,0.0,0.0,0.0,1.0
paraboloid,C+K,500,24.247982501983643,0.010274389758706093,0.029802612960338593,0.0016439553583040833,0.0019420101307332516,1.153434157371521,0.33206993341445923,4.506528854370117,0.7629426121711731,0.14210206270217896,0.21384142339229584,0.010960927233099937,0.013248831033706665,2.222196578979492,1.9499417543411255,0.0,0.01,0.0,0.0,0.0,1.0
paraboloid,T+C+K,500,25.0760657787323,0.011331622488796711,0.021559787914156914,0.002123953541740775,0.0023385274689644575,1.157004952430725,0.3483673930168152,4.5067572593688965,0.7350116968154907,0.1338413804769516,0.20900306105613708,0.014169803820550442,0.014406837522983551,2.1329152584075928,1.9963774681091309,1.0,0.01,0.0,0.0,0.0,1.0
paraboloid,N+K,500,23.083884716033936,0.010559266433119774,0.027734559029340744,0.0017594622913748026,0.0021997096482664347,1.1892249584197998,0.3583008646965027,4.403514385223389,0.7454758286476135,0.14644885063171387,0.2180626094341278,0.01188867911696434,0.01478844415396452,2.2378780841827393,2.0097906589508057,0.0,0.0,0.01,0.0,0.0,1.0
paraboloid,T+N+K,500,23.824767112731934,0.010363457724452019,0.025502804666757584,0.0017854933394119143,0.0016925856471061707,1.1751611232757568,0.3613317012786865,4.349728584289551,0.7301132678985596,0.14187902212142944,0.21872179210186005,0.012705358676612377,0.014346452429890633,2.0447254180908203,1.974724292755127,1.0,0.0,0.01,0.0,0.0,1.0
paraboloid,C+N+K,500,26.716421604156494,0.010822140611708164,0.02778421901166439,0.0023184625897556543,0.0023651421070098877,1.149557113647461,0.33307185769081116,4.494802951812744,0.7685514092445374,0.14014402031898499,0.2146150916814804,0.01601170003414154,0.016545675694942474,2.3093597888946533,2.0466413497924805,0.0,0.01,0.01,0.0,0.0,1.0
paraboloid,T+C+N+K,500,26.692762851715088,0.009200776927173138,0.02584175579249859,0.0014047414297237992,0.0015485240146517754,1.1433261632919312,0.3398939371109009,4.51108455657959,0.7574640512466431,0.1304025501012802,0.2079710215330124,0.009923099540174007,0.012748061679303646,2.1450836658477783,1.995107889175415,1.0,0.01,0.01,0.0,0.0,1.0
paraboloid,D+K,500,23.574219226837158,0.01575317233800888,0.036104265600442886,0.0018146393122151494,0.002615812001749873,1.2939013242721558,0.46716591715812683,3.5310235023498535,0.5365766286849976,0.20947201550006866,0.27747514843940735,0.014330336824059486,0.023102065548300743,2.4829680919647217,2.247548818588257,0.0,0.0,0.0,0.01,0.0,1.0
paraboloid,T+D+K,500,24.117537260055542,0.015432764776051044,0.03323189541697502,0.0018834961811080575,0.002234074054285884,1.295625925064087,0.4720804691314697,3.605103015899658,0.5742170810699463,0.1978733092546463,0.2730278968811035,0.01296442374587059,0.016546720638871193,2.3145055770874023,2.1361358165740967,1.0,0.0,0.0,0.01,0.0,1.0
paraboloid,C+D+K,500,24.88555383682251,0.014259387739002705,0.037302542477846146,0.0016435065772384405,0.002245878102257848,1.2443186044692993,0.4314282536506653,3.6317014694213867,0.5977795124053955,0.1874585598707199,0.2619788646697998,0.013787894509732723,0.019500702619552612,2.467977523803711,2.243908166885376,0.0,0.01,0.0,0.01,0.0,1.0
paraboloid,T+C+D+K,500,25.888952493667603,0.01341947726905346,0.03500836715102196,0.0012580860638990998,0.0018776514334604144,1.2315685749053955,0.4251365065574646,3.674043893814087,0.6104671955108643,0.17749370634555817,0.2559875249862671,0.01311262883245945,0.018458573147654533,2.295123338699341,2.1564698219299316,1.0,0.01,0.0,0.01,0.0,1.0
paraboloid,N+D+K,500,24.103253602981567,0.015992749482393265,0.03427087143063545,0.0025328497868031263,0.003059114795178175,1.2913918495178223,0.46617692708969116,3.571016788482666,0.5691331624984741,0.20500503480434418,0.27635452151298523,0.017184287309646606,0.022337686270475388,2.4863102436065674,2.2503910064697266,0.0,0.0,0.01,0.01,0.0,1.0
paraboloid,T+N+D+K,500,24.913132667541504,0.014210723340511322,0.03648810461163521,0.0014643167378380895,0.002133662812411785,1.2857252359390259,0.46794503927230835,3.5913236141204834,0.5782737731933594,0.1943466067314148,0.27101626992225647,0.011668602004647255,0.016333363950252533,2.3174049854278564,2.140146017074585,1.0,0.0,0.01,0.01,0.0,1.0
paraboloid,C+N+D+K,500,25.455483198165894,0.01511496864259243,0.03373078629374504,0.00253476994112134,0.002813715720549226,1.2474862337112427,0.43502503633499146,3.6455471515655518,0.5967311859130859,0.19022715091705322,0.264499694108963,0.018743088468909264,0.0219355970621109,2.5102145671844482,2.2744252681732178,0.0,0.01,0.01,0.01,0.0,1.0
paraboloid,T+C+N+D+K,500,26.41631269454956,0.013914014212787151,0.03250232711434364,0.0017042327672243118,0.002382895676419139,1.2506110668182373,0.4389333128929138,3.7059237957000732,0.6034669280052185,0.18087346851825714,0.25949639081954956,0.013434616848826408,0.018145954236388206,2.385913133621216,2.2360782623291016,1.0,0.01,0.01,0.01,0.0,1.0
paraboloid,F+K,500,25.087148666381836,0.004386220593005419,0.004185757599771023,0.002565566683188081,0.002500265371054411,0.8640268445014954,0.18855707347393036,7.2843217849731445,1.564270257949829,0.011842095293104649,0.034003932029008865,0.01657864823937416,0.013371375389397144,4.58094596862793,2.3514199256896973,0.0,0.0,0.0,0.0,1.0,1.0
paraboloid,T+F+K,500,25.41929817199707,0.0017534116050228477,0.005017208866775036,0.0007167812436819077,0.0006712016183882952,0.8880143165588379,0.21010607481002808,7.174359321594238,1.557062029838562,0.011783430352807045,0.03911647945642471,0.006184358615428209,0.006583769805729389,4.15499210357666,2.1333487033843994,1.0,0.0,0.0,0.0,1.0,1.0
paraboloid,C+F+K,500,25.098393201828003,0.001711351447738707,0.005097337532788515,0.0004675504460465163,0.0005540314596146345,0.8320557475090027,0.18239712715148926,7.394833087921143,1.6376233100891113,0.009694677777588367,0.029193740338087082,0.00526635255664587,0.0084215784445405,4.846762180328369,2.4307310581207275,0.0,0.01,0.0,0.0,1.0,1.0
paraboloid,T+C+F+K,500,26.019888877868652,0.002697804942727089,0.0038040089420974255,0.0008105533197522163,0.000754909822717309,0.8739875555038452,0.19309769570827484,7.3253631591796875,1.5738390684127808,0.011596237309277058,0.03888994827866554,0.0076798005029559135,0.007560112979263067,4.509038925170898,2.2768759727478027,1.0,0.01,0.0,0.0,1.0,1.0
paraboloid,N+F+K,500,24.848533868789673,0.005884000565856695,0.006439468823373318,0.0006064241752028465,0.000668482156470418,0.8586296439170837,0.19854377210140228,7.206858158111572,1.6216996908187866,0.014931071549654007,0.032960157841444016,0.006525249686092138,0.008093755692243576,4.521905422210693,2.298124313354492,0.0,0.0,0.01,0.0,1.0,1.0
paraboloid,T+N+F+K,500,24.734108209609985,0.0019780234433710575,0.004227792378515005,0.002332536969333887,0.002940468257293105,0.8787797689437866,0.19285911321640015,7.208961009979248,1.5626816749572754,0.012952128425240517,0.03689628839492798,0.017933428287506104,0.019955338910222054,4.226010322570801,2.173821210861206,1.0,0.0,0.01,0.0,1.0,1.0
paraboloid,C+N+F+K,500,24.401267528533936,0.0026627250481396914,0.0036675725132226944,0.001241265912540257,0.00116809643805027,0.8443158268928528,0.18175478279590607,7.439916133880615,1.6041233539581299,0.01007816195487976,0.03168744593858719,0.00990177784115076,0.009564249776303768,4.853379249572754,2.4424455165863037,0.0,0.01,0.01,0.0,1.0,1.0
paraboloid,T+C+N+F+K,500,25.417969703674316,0.0010190685279667377,0.004859755747020245,0.00025222080876119435,0.0004346618661656976,0.8497505784034729,0.1845763772726059,7.3208723068237305,1.5967493057250977,0.010301079601049423,0.034166399389505386,0.0033802068792283535,0.005992302671074867,4.604004859924316,2.292076349258423,1.0,0.01,0.01,0.0,1.0,1.0
paraboloid,D+F+K,500,24.9181809425354,0.002386322245001793,0.006302906200289726,0.0006017218111082911,0.0007888051331974566,0.9541504383087158,0.19180262088775635,5.861373424530029,1.1421879529953003,0.020782502368092537,0.05504231154918671,0.004484141711145639,0.005852171219885349,2.724468946456909,1.8109843730926514,0.0,0.0,0.0,0.01,1.0,1.0
paraboloid,T+D+F+K,500,26.076944828033447,0.0031860307790338993,0.006976306904107332,0.0007552917231805623,0.0006631162250414491,0.9542537927627563,0.19950273633003235,5.8479108810424805,1.1718120574951172,0.020546384155750275,0.05567137897014618,0.005189457908272743,0.005188388749957085,2.6015660762786865,1.7363417148590088,1.0,0.0,0.0,0.01,1.0,1.0
paraboloid,C+D+F+K,500,25.41351318359375,0.003183841472491622,0.007069758605211973,0.0006862824084237218,0.0008295215666294098,0.9262042045593262,0.17770901322364807,5.896488189697266,1.1595299243927002,0.02031780034303665,0.052064452320337296,0.0049268282018601894,0.006689151749014854,2.83162522315979,1.8116719722747803,0.0,0.01,0.0,0.01,1.0,1.0
paraboloid,T+C+D+F+K,500,26.703559160232544,0.004404260311275721,0.006388483569025993,0.0016503595979884267,0.0012986030196771026,0.9444724321365356,0.1858004927635193,5.9555277824401855,1.185058832168579,0.021325180307030678,0.05705476924777031,0.012304962612688541,0.011704730801284313,2.6812074184417725,1.7678260803222656,1.0,0.01,0.0,0.01,1.0,1.0
paraboloid,N+D+F+K,500,25.680829286575317,0.0021273044403642416,0.006276443600654602,0.000694006506819278,0.0007093073218129575,0.9436721205711365,0.1830921620130539,5.83364200592041,1.1350868940353394,0.021196812391281128,0.05466262996196747,0.0054442440159618855,0.0056026047095656395,2.7539994716644287,1.8232487440109253,0.0,0.0,0.01,0.01,1.0,1.0
paraboloid,T+N+D+F+K,500,26.582310438156128,0.00208704499527812,0.006381035316735506,0.0005137749249115586,0.0006984054925851524,0.9554497599601746,0.1949964165687561,5.846891403198242,1.155299186706543,0.020996935665607452,0.05723460391163826,0.004629017319530249,0.005863531492650509,2.672412395477295,1.7874351739883423,1.0,0.0,0.01,0.01,1.0,1.0
paraboloid,C+N+D+F+K,500,27.500751733779907,0.004157918971031904,0.0078113144263625145,0.0014784097438678145,0.0012228578561916947,0.9359022378921509,0.19356629252433777,5.963719367980957,1.1673011779785156,0.020332736894488335,0.05216607451438904,0.008849759586155415,0.007978657260537148,2.861370801925659,1.841769814491272,0.0,0.01,0.01,0.01,1.0,1.0
paraboloid,T+C+N+D+F+K,500,27.326814889907837,0.0031751878559589386,0.007014800328761339,0.0008988358895294368,0.0007776467246003449,0.9403824806213379,0.18409229815006256,5.912618637084961,1.1877408027648926,0.020650500431656837,0.05506625398993492,0.007270555477589369,0.006216499023139477,2.710109233856201,1.7767462730407715,1.0,0.01,0.01,0.01,1.0,1.0
hyperbolic paraboloid,baseline,500,5.710504055023193,0.013870226219296455,0.02040323056280613,0.019227955490350723,0.022971292957663536,1.2304933071136475,0.2853795886039734,5.261870861053467,0.8713774085044861,0.14425134658813477,0.14134055376052856,0.188465878367424,0.260038822889328,14.529293060302734,3.496823787689209,0.0,0.0,0.0,0.0,0.0,0.0
hyperbolic paraboloid,T,500,11.175343990325928,0.01058830413967371,0.019179491326212883,0.003044376615434885,0.004346379078924656,1.2195619344711304,0.29275357723236084,5.42373514175415,1.018848180770874,0.14409177005290985,0.1497175246477127,0.029210442677140236,0.046480074524879456,19.08710479736328,4.277978897094727,1.0,0.0,0.0,0.0,0.0,0.0
hyperbolic paraboloid,C,500,9.86605954170227,0.009020832367241383,0.01348164677619934,0.020527537912130356,0.022349577397108078,0.8994900584220886,0.13186965882778168,6.849147319793701,1.2644764184951782,0.07676360011100769,0.09465830773115158,0.18909132480621338,0.29243725538253784,23.49179458618164,7.436608791351318,0.0,0.01,0.0,0.0,0.0,0.0
hyperbolic paraboloid,T+C,500,14.70487642288208,0.006312944460660219,0.01217346265912056,0.001962781185284257,0.0022179014049470425,0.9366164207458496,0.19998589158058167,6.7638020515441895,1.4158687591552734,0.080568328499794,0.10388801991939545,0.022372106090188026,0.04008565843105316,24.611425399780273,6.481419086456299,1.0,0.01,0.0,0.0,0.0,0.0
hyperbolic paraboloid,N,500,9.866129159927368,0.013810720294713974,0.020016340538859367,0.0159417986869812,0.01779148541390896,1.2782645225524902,0.31186795234680176,5.107461929321289,0.8446062803268433,0.15469077229499817,0.14465707540512085,0.17587682604789734,0.24360087513923645,14.8729887008667,3.524056911468506,0.0,0.0,0.01,0.0,0.0,0.0
hyperbolic paraboloid,T+N,500,11.473070859909058,0.010754172690212727,0.019520070403814316,0.0030247715767472982,0.004301000852137804,1.2273727655410767,0.29843077063560486,5.374189376831055,1.0013481378555298,0.1470436453819275,0.15163084864616394,0.02870386280119419,0.046268854290246964,18.74637222290039,4.194060325622559,1.0,0.0,0.01,0.0,0.0,0.0
hyperbolic paraboloid,C+N,500,13.543610095977783,0.008487077429890633,0.012476935051381588,0.014533605426549911,0.015433749184012413,0.9216179847717285,0.1465613842010498,6.753176689147949,1.2663851976394653,0.0734773799777031,0.09114475548267365,0.16398130357265472,0.25259876251220703,25.141828536987305,7.996381759643555,0.0,0.01,0.01,0.0,0.0,0.0
hyperbolic paraboloid,T+C+N,500,14.812771558761597,0.0060919299721717834,0.011711850762367249,0.001765929744578898,0.002527831122279167,0.9374516606330872,0.20177727937698364,6.713655948638916,1.4003262519836426,0.08270823210477829,0.10535570234060287,0.01968415267765522,0.030578134581446648,24.087343215942383,6.37553596496582,1.0,0.01,0.01,0.0,0.0,0.0
hyperbolic paraboloid,D,500,9.602385759353638,0.034982386976480484,0.045379798859357834,0.02006544917821884,0.022539451718330383,1.795013666152954,0.6969772577285767,2.664231538772583,0.30928993225097656,0.3680933713912964,0.23500894010066986,0.3449292480945587,1.059261679649353,10.4472017288208,1.8187222480773926,0.0,0.0,0.0,0.01,0.0,0.0
hyperbolic paraboloid,T+D,500,11.42780327796936,0.022669648751616478,0.031801946461200714,0.005480834748595953,0.00691042048856616,1.7262581586837769,0.6200502514839172,2.972853899002075,0.4471033811569214,0.3084862232208252,0.23201237618923187,0.21101395785808563,0.6493445038795471,11.17288875579834,2.112485408782959,1.0,0.0,0.0,0.01,0.0,0.0
hyperbolic paraboloid,C+D,500,13.35779070854187,0.02185261808335781,0.03252771124243736,0.01861880160868168,0.020947353914380074,1.3338875770568848,0.4821365773677826,2.997342109680176,0.40989261865615845,0.2407255321741104,0.21394161880016327,0.11102801561355591,0.20654280483722687,15.203362464904785,4.064119338989258,0.0,0.01,0.0,0.01,0.0,0.0
hyperbolic paraboloid,T+C+D,500,14.931294202804565,0.01538100652396679,0.025654882192611694,0.0039952644146978855,0.0054108803160488605,1.3783119916915894,0.5074765682220459,3.264545202255249,0.5658465027809143,0.2261410355567932,0.21234385669231415,0.15546073019504547,0.437219500541687,11.474053382873535,2.483391046524048,1.0,0.01,0.0,0.01,0.0,0.0
hyperbolic paraboloid,N+D,500,10.332011222839355,0.034959930926561356,0.04497029259800911,0.017830464988946915,0.020220957696437836,1.8129271268844604,0.7157042026519775,2.621180772781372,0.29644694924354553,0.38125112652778625,0.23899750411510468,0.5298886299133301,1.4897255897521973,10.622052192687988,1.9362372159957886,0.0,0.0,0.01,0.01,0.0,0.0
hyperbolic paraboloid,T+N+D,500,12.136445045471191,0.022691354155540466,0.03184283524751663,0.0054410709999501705,0.006850061938166618,1.7269606590270996,0.6209726333618164,2.969265937805176,0.4460846185684204,0.3085189461708069,0.23231549561023712,0.21652187407016754,0.6607480645179749,11.101926803588867,2.083238363265991,1.0,0.0,0.01,0.01,0.0,0.0
hyperbolic paraboloid,C+N+D,500,13.957554340362549,0.021887818351387978,0.03251711279153824,0.014564910903573036,0.016602281481027603,1.3234394788742065,0.501681387424469,2.9600131511688232,0.39430561661720276,0.24974794685840607,0.2207258641719818,0.1732286959886551,0.3513128459453583,15.839235305786133,4.440837383270264,0.0,0.01,0.01,0.01,0.0,0.0
hyperbolic paraboloid,T+C+N+D,500,16.261754035949707,0.015365718863904476,0.025658899918198586,0.003935749642550945,0.005351776722818613,1.3790117502212524,0.5084037780761719,3.259690523147583,0.5643134117126465,0.22583352029323578,0.2128022164106369,0.15832233428955078,0.4366461932659149,11.32501220703125,2.4278504848480225,1.0,0.01,0.01,0.01,0.0,0.0
hyperbolic paraboloid,F,500,13.911696195602417,0.02879057638347149,0.04612671583890915,0.09990125894546509,0.09591736644506454,0.8403237462043762,0.12325458228588104,6.527698040008545,1.3131829500198364,0.0109542952850461,0.013716836459934711,0.4145349860191345,0.7529715299606323,2.777210235595703,2.0248703956604004,0.0,0.0,0.0,0.0,1.0,0.0
hyperbolic paraboloid,T+F,500,15.297413110733032,0.0010372340911999345,0.001447810442186892,0.0015877651749178767,0.001664095907472074,0.8686090707778931,0.11601628363132477,8.349394798278809,2.4890239238739014,0.009006590582430363,0.01506988424807787,0.04927542805671692,0.0678180456161499,56.30558776855469,12.611907005310059,1.0,0.0,0.0,0.0,1.0,0.0
hyperbolic paraboloid,C+F,500,13.902676820755005,0.041812796145677567,0.06060649827122688,0.15488633513450623,0.12956371903419495,0.7357571125030518,0.1059948205947876,6.916947364807129,1.3153924942016602,0.0099211186170578,0.011905347928404808,0.5208714604377747,0.8981672525405884,3.0514767169952393,2.2535438537597656,0.0,0.01,0.0,0.0,1.0,0.0
hyperbolic paraboloid,T+C+F,500,15.451658248901367,0.0011032685870304704,0.001496442244388163,0.0015833070501685143,0.0016613545594736934,0.8157952427864075,0.09694188833236694,8.739089012145996,2.560917377471924,0.00860039982944727,0.013995370827615261,0.04527006670832634,0.06238759309053421,59.73849868774414,14.005317687988281,1.0,0.01,0.0,0.0,1.0,0.0
hyperbolic paraboloid,N+F,500,14.311291217803955,0.009621844626963139,0.018679259344935417,0.0301860049366951,0.03499039635062218,0.9382915496826172,0.19038017094135284,7.212357997894287,1.7595294713974,0.010608556680381298,0.016322193667292595,0.45085176825523376,0.7081881761550903,4.489556789398193,2.835763931274414,0.0,0.0,0.01,0.0,1.0,0.0
hyperbolic paraboloid,T+N+F,500,17.231821060180664,0.0012406825553625822,0.0018268950516358018,0.0013854122953489423,0.0015494860708713531,0.8652320504188538,0.1119886040687561,8.370155334472656,2.4999186992645264,0.00869636982679367,0.01458862517029047,0.04686136916279793,0.06311392784118652,56.53947448730469,12.551843643188477,1.0,0.0,0.01,0.0,1.0,0.0
hyperbolic paraboloid,C+N+F,500,14.292993545532227,0.010846279561519623,0.021867923438549042,0.033630240708589554,0.04040306806564331,0.8456852436065674,0.12386662513017654,7.362427711486816,1.6823461055755615,0.010135595686733723,0.014775628224015236,0.3636448085308075,0.6050245761871338,4.3442888259887695,2.7117066383361816,0.0,0.01,0.01,0.0,1.0,0.0
hyperbolic paraboloid,T+C+N+F,500,16.341079235076904,0.0015057835262268782,0.0019134596223011613,0.0014693477423861623,0.0015185553347691894,0.813967764377594,0.09753656387329102,8.739691734313965,2.5705907344818115,0.008614596910774708,0.013944477774202824,0.04288247600197792,0.057564131915569305,59.96858215332031,13.897515296936035,1.0,0.01,0.01,0.0,1.0,0.0
hyperbolic paraboloid,D+F,500,13.895556926727295,0.019438618794083595,0.036576561629772186,0.05782076716423035,0.06064910069108009,1.1947243213653564,0.27113279700279236,4.987432479858398,1.1435546875,0.017250068485736847,0.02469012327492237,0.6755757927894592,1.0563020706176758,2.3180010318756104,1.7911595106124878,0.0,0.0,0.0,0.01,1.0,0.0
hyperbolic paraboloid,T+D+F,500,14.84990906715393,0.0036135297268629074,0.006054683588445187,0.0044039953500032425,0.005169375333935022,1.0698233842849731,0.22795045375823975,5.515924453735352,1.579506278038025,0.02065489999949932,0.0326177179813385,0.09099873155355453,0.14828433096408844,34.9915657043457,6.75675630569458,1.0,0.0,0.0,0.01,1.0,0.0
hyperbolic paraboloid,C+D+F,500,13.498045682907104,0.02085513062775135,0.03761228173971176,0.06102462485432625,0.06180005148053169,1.0728474855422974,0.18804705142974854,5.094340801239014,1.0162546634674072,0.017723992466926575,0.024677930399775505,0.46415582299232483,0.704897940158844,2.082827091217041,1.6565576791763306,0.0,0.01,0.0,0.01,1.0,0.0
hyperbolic paraboloid,T+C+D+F,500,15.354768753051758,0.0038211625069379807,0.0057766009122133255,0.004216982051730156,0.004598111845552921,1.0149917602539062,0.194975808262825,5.646949291229248,1.5793770551681519,0.019016733393073082,0.02955879457294941,0.08039471507072449,0.12960100173950195,35.854286193847656,7.355529308319092,1.0,0.01,0.0,0.01,1.0,0.0
hyperbolic paraboloid,N+D+F,500,13.564025640487671,0.016325782984495163,0.03111637569963932,0.0490025132894516,0.05002067610621452,1.233886957168579,0.29990455508232117,5.072271823883057,1.2394758462905884,0.016730094328522682,0.024225551635026932,0.7963874340057373,1.2935826778411865,2.49757981300354,1.9575608968734741,0.0,0.0,0.01,0.01,1.0,0.0
hyperbolic paraboloid,T+N+D+F,500,15.206302642822266,0.0036169495433568954,0.006048592738807201,0.004181461408734322,0.004900582600384951,1.066947340965271,0.22465038299560547,5.520507335662842,1.5751960277557373,0.020766574889421463,0.032883305102586746,0.08528099209070206,0.13683299720287323,35.06242752075195,6.80051851272583,1.0,0.0,0.01,0.01,1.0,0.0
hyperbolic paraboloid,C+N+D+F,500,14.026632308959961,0.016103370115160942,0.02989390306174755,0.045327216386795044,0.04644722118973732,1.1074450016021729,0.19445855915546417,5.181783199310303,1.119678258895874,0.017251115292310715,0.024442700669169426,0.5473572611808777,0.8702930808067322,2.275829315185547,1.813888669013977,0.0,0.01,0.01,0.01,1.0,0.0
hyperbolic paraboloid,T+C+N+D+F,500,15.7926664352417,0.003905446268618107,0.005772036500275135,0.003998137544840574,0.004289492033421993,1.0132533311843872,0.19281059503555298,5.653489589691162,1.5761226415634155,0.01922520063817501,0.029977058991789818,0.07338894158601761,0.11563848704099655,35.951377868652344,7.412992477416992,1.0,0.01,0.01,0.01,1.0,0.0
hyperbolic paraboloid,K,500,22.705355644226074,0.010265735909342766,0.019152406603097916,0.0036748466081917286,0.004983082879334688,1.0982965230941772,0.4236765503883362,4.586679458618164,0.8366343379020691,0.14948208630084991,0.1452396810054779,0.0040704901330173016,0.00992483738809824,1.132279634475708,0.8740329146385193,0.0,0.0,0.0,0.0,0.0,1.0
hyperbolic paraboloid,T+K,500,23.82875394821167,0.013671023771166801,0.0253392793238163,0.003361188806593418,0.004364995285868645,1.2280925512313843,0.39550986886024475,5.3121137619018555,1.038998007774353,0.16889090836048126,0.1672767847776413,0.004458920564502478,0.008007981814444065,7.76013708114624,1.5616596937179565,1.0,0.0,0.0,0.0,0.0,1.0
hyperbolic paraboloid,C+K,500,24.744443655014038,0.008311006240546703,0.01632092520594597,0.003647851524874568,0.004925273358821869,1.0076282024383545,0.3437824249267578,4.932608604431152,0.9217031002044678,0.11648815125226974,0.12039928138256073,0.0032347424421459436,0.007014631759375334,1.204499363899231,0.8988211750984192,0.0,0.01,0.0,0.0,0.0,1.0
hyperbolic paraboloid,T+C+K,500,25.658661127090454,0.008179654367268085,0.019304726272821426,0.001994662918150425,0.0029164126608520746,1.0408073663711548,0.3083697557449341,5.658076763153076,1.1501657962799072,0.1146353930234909,0.13993960618972778,0.002525116316974163,0.005216734018176794,4.977973937988281,1.2889220714569092,1.0,0.01,0.0,0.0,0.0,1.0
hyperbolic paraboloid,N+K,500,24.466423749923706,0.010381362400949001,0.019197748973965645,0.003519871737807989,0.004803114105015993,1.106269359588623,0.43061503767967224,4.546821117401123,0.8289343118667603,0.1529323011636734,0.1471221148967743,0.004111688118427992,0.010202834382653236,1.1387765407562256,0.8881245851516724,0.0,0.0,0.01,0.0,0.0,1.0
hyperbolic paraboloid,T+N+K,500,25.22791051864624,0.014855475164949894,0.026593340560793877,0.0037375858519226313,0.00443196389824152,1.2337646484375,0.4047665596008301,5.25642728805542,1.0319021940231323,0.17228670418262482,0.16839909553527832,0.0050499653443694115,0.00863572582602501,7.34225606918335,1.460514783859253,1.0,0.0,0.01,0.0,0.0,1.0
hyperbolic paraboloid,C+N+K,500,25.8172709941864,0.008427807129919529,0.016408048570156097,0.0035380886401981115,0.004890878684818745,1.0183244943618774,0.3554787039756775,4.848483085632324,0.898213803768158,0.1217246875166893,0.12374483793973923,0.003316843882203102,0.007529362570494413,1.210876226425171,0.924899160861969,0.0,0.01,0.01,0.0,0.0,1.0
hyperbolic paraboloid,T+C+N+K,500,27.043654918670654,0.008082655258476734,0.01837071403861046,0.001998699037358165,0.002947163535282016,1.048021674156189,0.3164616823196411,5.613254070281982,1.1391654014587402,0.11689390242099762,0.14024022221565247,0.0027072385419160128,0.004934076685458422,4.580772876739502,1.1988847255706787,1.0,0.01,0.01,0.0,0.0,1.0
hyperbolic paraboloid,D+K,500,24.385014057159424,0.020590635016560555,0.033027175813913345,0.007293387316167355,0.008885935880243778,1.2760131359100342,0.6489267945289612,3.327624559402466,0.5388697385787964,0.25603827834129333,0.21302610635757446,0.007427892182022333,0.015297387726604939,2.1108224391937256,1.6583714485168457,0.0,0.0,0.0,0.01,0.0,1.0
hyperbolic paraboloid,T+D+K,500,25.372021913528442,0.023483937606215477,0.03967256098985672,0.005740318913012743,0.007776981685310602,1.4277758598327637,0.579292356967926,3.662982702255249,0.531205952167511,0.2608843743801117,0.21064960956573486,0.011443987488746643,0.028095167130231857,5.0772905349731445,0.6694724559783936,1.0,0.0,0.0,0.01,0.0,1.0
hyperbolic paraboloid,C+D+K,500,26.04118847846985,0.018653618171811104,0.030738556757569313,0.007041302043944597,0.008416524156928062,1.1799354553222656,0.5672434568405151,3.401980400085449,0.5681852102279663,0.23143066465854645,0.20342187583446503,0.005407290067523718,0.010910868644714355,2.1464345455169678,1.796094536781311,0.0,0.01,0.0,0.01,0.0,1.0
hyperbolic paraboloid,T+C+D+K,500,27.003788471221924,0.018004273995757103,0.033682119101285934,0.003922970499843359,0.005478303879499435,1.216058611869812,0.5157070755958557,3.8211941719055176,0.6123045086860657,0.21043576300144196,0.19171036779880524,0.007233327254652977,0.018121184781193733,2.6091489791870117,0.9260636568069458,1.0,0.01,0.0,0.01,0.0,1.0
hyperbolic paraboloid,N+D+K,500,24.801802158355713,0.02090117335319519,0.03307156264781952,0.007256589364260435,0.008852001279592514,1.2816953659057617,0.6548932194709778,3.3257007598876953,0.5433263778686523,0.25689998269081116,0.21327169239521027,0.008196700364351273,0.01681847870349884,2.0819082260131836,1.6353217363357544,0.0,0.0,0.01,0.01,0.0,1.0
hyperbolic paraboloid,T+N+D+K,500,25.63858723640442,0.0233051348477602,0.03940332308411598,0.005689570214599371,0.0075860959477722645,1.4250227212905884,0.5847981572151184,3.6647677421569824,0.5317868590354919,0.2614865005016327,0.2102888971567154,0.011234625242650509,0.027247179299592972,4.866528034210205,0.6601914167404175,1.0,0.0,0.01,0.01,0.0,1.0
hyperbolic paraboloid,C+N+D+K,500,25.397859573364258,0.018526410683989525,0.030647672712802887,0.007218531798571348,0.008369272574782372,1.1860969066619873,0.5726521015167236,3.4175796508789062,0.5851953029632568,0.23263274133205414,0.20334899425506592,0.005440726410597563,0.01038973405957222,2.14670729637146,1.7987629175186157,0.0,0.01,0.01,0.01,0.0,1.0
hyperbolic paraboloid,T+C+N+D+K,500,26.227113008499146,0.01783672347664833,0.03355782851576805,0.0038454148452728987,0.00539843924343586,1.2164530754089355,0.5157915949821472,3.8268399238586426,0.6166257858276367,0.2099011242389679,0.19170361757278442,0.007054636720567942,0.017666257917881012,2.6481382846832275,0.920881450176239,1.0,0.01,0.01,0.01,0.0,1.0
hyperbolic paraboloid,F+K,500,25.97238302230835,0.002600825158879161,0.004234982654452324,0.0033923194278031588,0.003194376826286316,0.8739836812019348,0.09307150542736053,8.160412788391113,2.198899269104004,0.012026961892843246,0.019780481234192848,0.0032620467245578766,0.00500858249142766,4.148670196533203,2.2616422176361084,0.0,0.0,0.0,0.0,1.0,1.0
hyperbolic paraboloid,T+F+K,500,26.643756866455078,0.0013266470050439239,0.0019505571108311415,0.0007750801742076874,0.0008184118778444827,0.8689194917678833,0.09896254539489746,8.365901947021484,2.3950281143188477,0.00925062783062458,0.016048531979322433,0.0015845982125028968,0.0018288512947037816,4.629790306091309,2.4553444385528564,1.0,0.0,0.0,0.0,1.0,1.0
hyperbolic paraboloid,C+F+K,500,26.221669912338257,0.002437849063426256,0.004217489156872034,0.003760007908567786,0.0033273566514253616,0.8131047487258911,0.08112326264381409,8.540926933288574,2.27573299407959,0.010395643301308155,0.0168693158775568,0.003383899573236704,0.005553252529352903,5.039943218231201,2.6715941429138184,0.0,0.01,0.0,0.0,1.0,1.0
hyperbolic paraboloid,T+C+F+K,500,27.21333622932434,0.0009825819870457053,0.0008648477960377932,0.0007669902988709509,0.0006473169196397066,0.8309534788131714,0.09308832138776779,8.734563827514648,2.5045382976531982,0.009152579121291637,0.01650097966194153,0.0015613546129316092,0.0020771638955920935,5.392628192901611,2.8395447731018066,1.0,0.01,0.0,0.0,1.0,1.0
hyperbolic paraboloid,N+F+K,500,26.30775809288025,0.0019038767786696553,0.0031168090645223856,0.0028060164768248796,0.0027901988942176104,0.8812297582626343,0.0927855372428894,8.196837425231934,2.2257094383239746,0.010879081673920155,0.018037747591733932,0.002637937432155013,0.004035225138068199,4.161986827850342,2.2735064029693604,0.0,0.0,0.01,0.0,1.0,1.0
hyperbolic paraboloid,T+N+F+K,500,27.126878023147583,0.0009321562247350812,0.0009635064634494483,0.0005182554014027119,0.0005761118372902274,0.872573733329773,0.10161330550909042,8.404135704040527,2.4081838130950928,0.01032214891165495,0.01772446371614933,0.0008897000807337463,0.0013464766088873148,4.630094051361084,2.4716615676879883,1.0,0.0,0.01,0.0,1.0,1.0
hyperbolic paraboloid,C+N+F+K,500,26.755748987197876,0.0024235837627202272,0.002949468558654189,0.0027982317842543125,0.0024252866860479116,0.821286678314209,0.08354612439870834,8.647757530212402,2.3318958282470703,0.010696237906813622,0.01721108891069889,0.0030386389698833227,0.004914636258035898,5.226546764373779,2.783534288406372,0.0,0.01,0.01,0.0,1.0,1.0
hyperbolic paraboloid,T+C+N+F+K,500,26.713592052459717,0.0014128029579296708,0.0017780677881091833,0.0009147002710960805,0.000957923533860594,0.8229902386665344,0.09506165981292725,8.694391250610352,2.476652145385742,0.009142149239778519,0.015630003064870834,0.0015015999088063836,0.0018143998458981514,5.430843353271484,2.83823823928833,1.0,0.01,0.01,0.0,1.0,1.0
hyperbolic paraboloid,D+F+K,500,26.66956853866577,0.006916857324540615,0.009056651033461094,0.01069287583231926,0.008132862858474255,1.0717837810516357,0.17693354189395905,5.5343337059021,1.3104978799819946,0.02288355492055416,0.036637306213378906,0.00479945307597518,0.005726986564695835,0.6585999131202698,0.38038742542266846,0.0,0.0,0.0,0.01,1.0,1.0
hyperbolic paraboloid,T+D+F+K,500,27.39462971687317,0.0020249320659786463,0.0034911837428808212,0.0017255137208849192,0.0015278079081326723,1.0399338006973267,0.19252067804336548,5.673316478729248,1.4868738651275635,0.023033028468489647,0.040340881794691086,0.0016808472573757172,0.0022123404778540134,0.9093716144561768,0.5198143124580383,1.0,0.0,0.0,0.01,1.0,1.0
hyperbolic paraboloid,C+D+F+K,500,26.51756715774536,0.006500406190752983,0.009034400805830956,0.010631999000906944,0.007634655572474003,1.014899492263794,0.16455869376659393,5.655346870422363,1.3210476636886597,0.021441489458084106,0.03441723436117172,0.004532346036285162,0.00548208924010396,0.7472946047782898,0.426507830619812,0.0,0.01,0.0,0.01,1.0,1.0
hyperbolic paraboloid,T+C+D+F+K,500,27.406484603881836,0.0020215038675814867,0.0032192287035286427,0.0015913528623059392,0.0013115671463310719,0.9922318458557129,0.17518463730812073,5.7892255783081055,1.507527232170105,0.02107401192188263,0.03737625479698181,0.001338692381978035,0.0017432300373911858,1.0074604749679565,0.5702050924301147,1.0,0.01,0.0,0.01,1.0,1.0
hyperbolic paraboloid,N+D+F+K,500,27.073749780654907,0.006432829890400171,0.008478855714201927,0.009596357122063637,0.007486514747142792,1.0733784437179565,0.18039947748184204,5.538303375244141,1.3285269737243652,0.02286924049258232,0.03687267750501633,0.004057461395859718,0.004855187144130468,0.6590512990951538,0.383388489484787,0.0,0.0,0.01,0.01,1.0,1.0
hyperbolic paraboloid,T+N+D+F+K,500,29.61163854598999,0.0024547064676880836,0.0033871782943606377,0.001631361898034811,0.001378753106109798,1.0381914377212524,0.1915990710258484,5.662292003631592,1.4857425689697266,0.022953759878873825,0.04056566208600998,0.0014634926337748766,0.001966980053111911,0.9074196815490723,0.5203070044517517,1.0,0.0,0.01,0.01,1.0,1.0
hyperbolic paraboloid,C+N+D+F+K,500,27.010127067565918,0.005873923189938068,0.008372580632567406,0.009419383481144905,0.007060591131448746,1.018631100654602,0.1680477410554886,5.683536529541016,1.3423181772232056,0.02131972834467888,0.034353386610746384,0.004032659810036421,0.004860740154981613,0.7619835138320923,0.43698427081108093,0.0,0.01,0.01,0.01,1.0,1.0
hyperbolic paraboloid,T+C+N+D+F+K,500,27.831676483154297,0.001875733258202672,0.003242559963837266,0.0015747846337035298,0.0012997696176171303,0.9912272691726685,0.1751820147037506,5.783046722412109,1.5082051753997803,0.02126128599047661,0.03771432489156723,0.0013101223157718778,0.0017387762200087309,1.009295105934143,0.5711266398429871,1.0,0.01,0.01,0.01,1.0,1.0
hyperboloid,baseline,500,7.610478639602661,,,,,,,,,,,,,,,0.0,0.0,0.0,0.0,0.0,0.0
hyperboloid,C,500,12.007843971252441,,,,,,,,,,,,,,,0.0,0.01,0.0,0.0,0.0,0.0
hyperboloid,N,500,11.432217597961426,,,,,,,,,,,,,,,0.0,0.0,0.01,0.0,0.0,0.0
hyperboloid,C+N,500,15.175772428512573,,,,,,,,,,,,,,,0.0,0.01,0.01,0.0,0.0,0.0
hyperboloid,D,500,11.143892049789429,,,,,,,,,,,,,,,0.0,0.0,0.0,0.01,0.0,0.0
hyperboloid,C+D,500,14.937293291091919,,,,,,,,,,,,,,,0.0,0.01,0.0,0.01,0.0,0.0
hyperboloid,N+D,500,11.86185908317566,,,,,,,,,,,,,,,0.0,0.0,0.01,0.01,0.0,0.0
hyperboloid,C+N+D,500,15.582046270370483,,,,,,,,,,,,,,,0.0,0.01,0.01,0.01,0.0,0.0
hyperboloid,F,500,14.882050514221191,,,,,,,,,,,,,,,0.0,0.0,0.0,0.0,1.0,0.0
hyperboloid,C+F,500,15.204805850982666,,,,,,,,,,,,,,,0.0,0.01,0.0,0.0,1.0,0.0
hyperboloid,N+F,500,15.528605222702026,,,,,,,,,,,,,,,0.0,0.0,0.01,0.0,1.0,0.0
hyperboloid,C+N+F,500,15.809372663497925,,,,,,,,,,,,,,,0.0,0.01,0.01,0.0,1.0,0.0
hyperboloid,D+F,500,15.21899938583374,,,,,,,,,,,,,,,0.0,0.0,0.0,0.01,1.0,0.0
hyperboloid,C+D+F,500,15.560134410858154,,,,,,,,,,,,,,,0.0,0.01,0.0,0.01,1.0,0.0
hyperboloid,N+D+F,500,15.891427040100098,,,,,,,,,,,,,,,0.0,0.0,0.01,0.01,1.0,0.0
hyperboloid,C+N+D+F,500,16.345537424087524,,,,,,,,,,,,,,,0.0,0.01,0.01,0.01,1.0,0.0
hyperboloid,K,500,37.259580850601196,,,,,,,,,,,,,,,0.0,0.0,0.0,0.0,0.0,1.0
hyperboloid,C+K,500,39.270636320114136,,,,,,,,,,,,,,,0.0,0.01,0.0,0.0,0.0,1.0
hyperboloid,N+K,500,37.951066732406616,,,,,,,,,,,,,,,0.0,0.0,0.01,0.0,0.0,1.0
hyperboloid,C+N+K,500,40.28512930870056,,,,,,,,,,,,,,,0.0,0.01,0.01,0.0,0.0,1.0
hyperboloid,D+K,500,37.92255759239197,,,,,,,,,,,,,,,0.0,0.0,0.0,0.01,0.0,1.0
hyperboloid,C+D+K,500,40.22358560562134,,,,,,,,,,,,,,,0.0,0.01,0.0,0.01,0.0,1.0
hyperboloid,N+D+K,500,36.66902184486389,,,,,,,,,,,,,,,0.0,0.0,0.01,0.01,0.0,1.0
hyperboloid,C+N+D+K,500,38.73090982437134,,,,,,,,,,,,,,,0.0,0.01,0.01,0.01,0.0,1.0
hyperboloid,F+K,500,38.88720107078552,,,,,,,,,,,,,,,0.0,0.0,0.0,0.0,1.0,1.0
hyperboloid,C+F+K,500,40.30825734138489,,,,,,,,,,,,,,,0.0,0.01,0.0,0.0,1.0,1.0
hyperboloid,N+F+K,500,40.75260901451111,,,,,,,,,,,,,,,0.0,0.0,0.01,0.0,1.0,1.0
hyperboloid,C+N+F+K,500,40.887025117874146,,,,,,,,,,,,,,,0.0,0.01,0.01,0.0,1.0,1.0
hyperboloid,D+F+K,500,40.47931480407715,,,,,,,,,,,,,,,0.0,0.0,0.0,0.01,1.0,1.0
hyperboloid,C+D+F+K,500,42.35454726219177,,,,,,,,,,,,,,,0.0,0.01,0.0,0.01,1.0,1.0
hyperboloid,N+D+F+K,500,41.267948389053345,,,,,,,,,,,,,,,0.0,0.0,0.01,0.01,1.0,1.0
hyperboloid,C+N+D+F+K,500,42.17416334152222,,,,,,,,,,,,,,,0.0,0.01,0.01,0.01,1.0,1.0
monkey saddle,baseline,500,8.608509302139282,0.15954822301864624,0.3689296543598175,0.44493135809898376,0.30093494057655334,1.1180880069732666,0.5858355164527893,4.752876281738281,0.7382720112800598,0.320943683385849,0.42546868324279785,22.975299835205078,94.18933868408203,43.9987678527832,29.852577209472656,0.0,0.0,0.0,0.0,0.0,0.0
monkey saddle,T,500,13.607107162475586,0.09375862777233124,0.3301094174385071,0.09912002086639404,0.1377635896205902,1.3768397569656372,0.7532635927200317,5.107685089111328,1.3831528425216675,0.5173807740211487,0.6483717560768127,6.248386383056641,16.70631980895996,43.1169319152832,29.766517639160156,1.0,0.0,0.0,0.0,0.0,0.0
monkey saddle,C,500,12.349010467529297,0.164830282330513,0.3491222560405731,0.46650201082229614,0.2988983392715454,0.9275614619255066,0.4195365905761719,5.21754789352417,0.6583712100982666,0.2900078594684601,0.4069580137729645,11.092823028564453,27.320131301879883,43.4588737487793,29.83365821838379,0.0,0.01,0.0,0.0,0.0,0.0
monkey saddle,T+C,500,17.260441064834595,0.07548948377370834,0.246624156832695,0.09376101195812225,0.1237698569893837,1.241093397140503,0.6136296987533569,5.496219635009766,1.4806042909622192,0.4648996889591217,0.6280417442321777,5.488058090209961,14.345968246459961,42.62334442138672,28.606090545654297,1.0,0.01,0.0,0.0,0.0,0.0
monkey saddle,N,500,12.256425619125366,0.13679595291614532,0.3439611494541168,0.3924274742603302,0.29672855138778687,1.2262030839920044,0.6972897052764893,4.168512344360352,0.8639720678329468,0.3988257646560669,0.4905405640602112,112.2498550415039,781.2022705078125,42.404178619384766,28.76408576965332,0.0,0.0,0.01,0.0,0.0,0.0
monkey saddle,T+N,500,13.646384477615356,0.09127059578895569,0.3147728145122528,0.09684352576732635,0.1352064162492752,1.4081498384475708,0.7829689383506775,4.822597980499268,1.3198201656341553,0.529360294342041,0.6438126564025879,7.213160037994385,20.563871383666992,42.72401809692383,29.967453002929688,1.0,0.0,0.01,0.0,0.0,0.0
monkey saddle,C+N,500,15.830970764160156,0.13201089203357697,0.3199600577354431,0.36231765151023865,0.28455448150634766,1.042486548423767,0.5251960158348083,4.327383041381836,0.8443262577056885,0.40493297576904297,0.4638436436653137,73.49492645263672,464.0875244140625,40.61869430541992,28.439838409423828,0.0,0.01,0.01,0.0,0.0,0.0
monkey saddle,T+C+N,500,17.566890954971313,0.07448570430278778,0.24110783636569977,0.09201482683420181,0.12062394618988037,1.2669291496276855,0.6428354382514954,5.142034530639648,1.3850224018096924,0.4647071361541748,0.5752066969871521,5.739536762237549,14.590700149536133,41.884803771972656,28.785877227783203,1.0,0.01,0.01,0.0,0.0,0.0
monkey saddle,D,500,11.779119729995728,0.12839509546756744,0.28163352608680725,0.3640666604042053,0.2972562313079834,1.325757384300232,0.7586161494255066,3.2331690788269043,0.8061491847038269,0.41086652874946594,0.44355010986328125,459.9773864746094,4087.875244140625,41.019161224365234,28.51398468017578,0.0,0.0,0.0,0.01,0.0,0.0
monkey saddle,T+D,500,13.651378870010376,0.08214829117059708,0.21542927622795105,0.0972171425819397,0.1243240162730217,1.5125610828399658,0.8886603713035583,3.508382558822632,0.9667738676071167,0.5463634133338928,0.5592634081840515,19.837541580200195,97.32269287109375,40.24407958984375,30.126169204711914,1.0,0.0,0.0,0.01,0.0,0.0
monkey saddle,C+D,500,15.606858730316162,0.11644820123910904,0.25077494978904724,0.33498692512512207,0.2925525903701782,1.1529946327209473,0.6312747597694397,3.2932686805725098,0.7699877023696899,0.42708373069763184,0.43763938546180725,132.43771362304688,881.0584716796875,39.63513946533203,28.041248321533203,0.0,0.01,0.0,0.01,0.0,0.0
monkey saddle,T+C+D,500,17.24893021583557,0.07420691847801208,0.19014254212379456,0.09428034722805023,0.11854839324951172,1.3867781162261963,0.7789729833602905,3.6219208240509033,0.9908037781715393,0.5000946521759033,0.5211091637611389,16.767982482910156,75.47784423828125,39.80003356933594,29.54334831237793,1.0,0.01,0.0,0.01,0.0,0.0
monkey saddle,N+D,500,12.54683804512024,0.11258777230978012,0.24993015825748444,0.299010694026947,0.28934693336486816,1.3199303150177002,0.7566223740577698,3.1529932022094727,0.7759928107261658,0.44741249084472656,0.4380044639110565,91.99373626708984,545.3982543945312,39.25042724609375,28.367000579833984,0.0,0.0,0.01,0.01,0.0,0.0
monkey saddle,T+N+D,500,14.138635158538818,0.08146088570356369,0.2092793732881546,0.09688415378332138,0.12344755977392197,1.521728277206421,0.8966235518455505,3.4355952739715576,0.9501152038574219,0.5503405332565308,0.5519770383834839,20.675729751586914,102.47613525390625,40.008262634277344,30.164989471435547,1.0,0.0,0.01,0.01,0.0,0.0
monkey saddle,C+N+D,500,16.18053889274597,0.10050500184297562,0.2192159742116928,0.28116485476493835,0.28659358620643616,1.161831021308899,0.6407174468040466,3.2403736114501953,0.7397618889808655,0.4620744585990906,0.4425605237483978,41.166648864746094,177.93443298339844,37.99143981933594,28.056589126586914,0.0,0.01,0.01,0.01,0.0,0.0
monkey saddle,T+C+N+D,500,17.804510593414307,0.07509338110685349,0.18919338285923004,0.09446881711483002,0.11867006123065948,1.4013265371322632,0.7935280799865723,3.5429883003234863,0.9716016054153442,0.5069254636764526,0.5161169767379761,17.429031372070312,79.12476348876953,39.63135528564453,29.65079116821289,1.0,0.01,0.01,0.01,0.0,0.0
monkey saddle,F,500,15.372294187545776,0.20727607607841492,0.35587644577026367,0.6473963856697083,0.31007036566734314,0.5560232400894165,0.06610622256994247,8.035314559936523,0.28338342905044556,0.010062015615403652,0.03380453959107399,2.857146978378296,3.841675043106079,45.00166702270508,30.15413475036621,0.0,0.0,0.0,0.0,1.0,0.0
monkey saddle,T+F,500,17.373839378356934,0.03832022845745087,0.10363688319921494,0.12484820187091827,0.16904863715171814,1.065223217010498,0.33538419008255005,7.832924842834473,2.2041261196136475,0.08622699230909348,0.19234007596969604,6.41597318649292,21.985763549804688,35.90815734863281,22.33099937438965,1.0,0.0,0.0,0.0,1.0,0.0
monkey saddle,C+F,500,15.870113134384155,0.21089579164981842,0.354387491941452,0.6721471548080444,0.30543267726898193,0.4887256920337677,0.04604130610823631,8.766568183898926,0.34264612197875977,0.006442531943321228,0.024781296029686928,2.7188076972961426,3.8684287071228027,46.047359466552734,30.144636154174805,0.0,0.01,0.0,0.0,1.0,0.0
monkey saddle,T+C+F,500,17.657358407974243,0.04076341912150383,0.10853759199380875,0.1278822422027588,0.17311380803585052,1.0323325395584106,0.3166629672050476,7.897674083709717,2.164088726043701,0.08742952346801758,0.20167376101016998,6.730642318725586,23.400638580322266,35.81533432006836,22.476579666137695,1.0,0.01,0.0,0.0,1.0,0.0
monkey saddle,N+F,500,16.017020225524902,0.18593674898147583,0.32818055152893066,0.5548735857009888,0.310730516910553,0.7495084404945374,0.12435886263847351,6.3471245765686035,0.45242828130722046,0.021034518256783485,0.06126561015844345,3.1595098972320557,4.27648401260376,42.74180603027344,30.179912567138672,0.0,0.0,0.01,0.0,1.0,0.0
monkey saddle,T+N+F,500,17.649367332458496,0.03744810074567795,0.09901361167430878,0.12241183966398239,0.1660085916519165,1.0956947803497314,0.355489045381546,7.664584159851074,2.2619564533233643,0.07551106810569763,0.15181025862693787,6.2049713134765625,21.3123836517334,35.6607666015625,22.148447036743164,1.0,0.0,0.01,0.0,1.0,0.0
monkey saddle,C+N+F,500,16.53083848953247,0.19172552227973938,0.33831071853637695,0.5768466591835022,0.3131418824195862,0.6869857907295227,0.09784867614507675,6.6580963134765625,0.4023478627204895,0.017878077924251556,0.05504849553108215,3.146825075149536,4.0987043380737305,43.04377365112305,30.25704574584961,0.0,0.01,0.01,0.0,1.0,0.0
monkey saddle,T+C+N+F,500,18.23501682281494,0.03778265416622162,0.10452622175216675,0.12351094186306,0.16881678998470306,1.0538619756698608,0.3244161009788513,7.712801456451416,2.222123861312866,0.07763076573610306,0.1607695072889328,6.037456512451172,20.633968353271484,35.90866470336914,22.222692489624023,1.0,0.01,0.01,0.0,1.0,0.0
monkey saddle,D+F,500,15.64159631729126,0.18712612986564636,0.32594701647758484,0.550695538520813,0.3080524802207947,0.9367420077323914,0.21103066205978394,5.003859996795654,0.6114459037780762,0.02928524650633335,0.08360899239778519,2.806619644165039,4.056208610534668,43.55352783203125,30.675188064575195,0.0,0.0,0.0,0.01,1.0,0.0
monkey saddle,T+D+F,500,16.725000619888306,0.04346059262752533,0.10587609559297562,0.11584898829460144,0.16177670657634735,1.1705735921859741,0.3866671025753021,6.335862159729004,2.0921196937561035,0.06874340772628784,0.13079850375652313,6.926130771636963,24.681541442871094,29.72694969177246,22.12209701538086,1.0,0.0,0.0,0.01,1.0,0.0
monkey saddle,C+D+F,500,15.619891166687012,0.18906860053539276,0.33565667271614075,0.5631223320960999,0.31235840916633606,0.8720254302024841,0.17247140407562256,5.153847694396973,0.5321710705757141,0.02780444733798504,0.08332780748605728,2.8510496616363525,3.903442144393921,43.697208404541016,30.76104164123535,0.0,0.01,0.0,0.01,1.0,0.0
monkey saddle,T+C+D+F,500,17.074180841445923,0.041469864547252655,0.10436199605464935,0.11894753575325012,0.1670648753643036,1.1243815422058105,0.34985411167144775,6.436946392059326,2.0823657512664795,0.06922653317451477,0.1308232694864273,6.955347061157227,24.923799514770508,30.55257797241211,22.077545166015625,1.0,0.01,0.0,0.01,1.0,0.0
monkey saddle,N+D+F,500,15.733021974563599,0.18095853924751282,0.3125380873680115,0.5249689817428589,0.30350393056869507,1.0125396251678467,0.27242639660835266,4.850379943847656,0.7543283700942993,0.03231962397694588,0.08895178139209747,3.871028423309326,7.1240339279174805,43.30237579345703,30.601613998413086,0.0,0.0,0.01,0.01,1.0,0.0
monkey saddle,T+N+D+F,500,17.186554670333862,0.04285941645503044,0.1063121035695076,0.11002878844738007,0.15462979674339294,1.1762672662734985,0.37268006801605225,6.256595134735107,2.126953363418579,0.07089616358280182,0.1339873969554901,7.0090012550354,23.75617218017578,28.171464920043945,22.377017974853516,1.0,0.0,0.01,0.01,1.0,0.0
monkey saddle,C+N+D+F,500,16.11511993408203,0.18313290178775787,0.31704002618789673,0.534504234790802,0.30553942918777466,0.9470891356468201,0.2097766101360321,4.941020965576172,0.6828876733779907,0.030046558007597923,0.08484253287315369,3.0119664669036865,4.468183517456055,43.31515121459961,30.641183853149414,0.0,0.01,0.01,0.01,1.0,0.0
monkey saddle,T+C+N+D+F,500,17.604518175125122,0.04202844575047493,0.10410264879465103,0.1131763905286789,0.1588445007801056,1.1360085010528564,0.35078880190849304,6.352088451385498,2.0906805992126465,0.06907672435045242,0.13247263431549072,6.588955879211426,22.786609649658203,29.319591522216797,22.15867042541504,1.0,0.01,0.01,0.01,1.0,0.0
monkey saddle,K,500,24.884333848953247,0.3098282217979431,0.503344714641571,0.5325720310211182,0.3726990818977356,1.6264674663543701,0.7592090964317322,3.320472478866577,0.6424387693405151,0.6489315629005432,0.4664018750190735,0.7835720777511597,1.401114821434021,53.135841369628906,33.51471710205078,0.0,0.0,0.0,0.0,0.0,1.0
monkey saddle,T+K,500,25.465962409973145,0.3518064320087433,0.5653573870658875,0.49624598026275635,0.38153964281082153,1.602436900138855,0.8627825975418091,3.570676803588867,1.1630223989486694,0.7731727361679077,0.6326885223388672,0.6849201917648315,1.4888869524002075,56.556522369384766,34.22470474243164,1.0,0.0,0.0,0.0,0.0,1.0
monkey saddle,C+K,500,26.574147701263428,0.32683855295181274,0.49534153938293457,0.5226323008537292,0.3786461651325226,1.5353442430496216,0.7273275852203369,3.6967334747314453,0.8601229190826416,0.7165359854698181,0.544337809085846,0.725536584854126,1.2546708583831787,54.435585021972656,33.62094497680664,0.0,0.01,0.0,0.0,0.0,1.0
monkey saddle,T+C+K,500,27.229459285736084,0.3434734046459198,0.5335389971733093,0.5042170882225037,0.38068392872810364,1.501070499420166,0.7519450783729553,3.362868070602417,0.8708929419517517,0.7274616956710815,0.6167839765548706,0.6881615519523621,1.2251009941101074,53.24790573120117,33.890174865722656,1.0,0.01,0.0,0.0,0.0,1.0
monkey saddle,N+K,500,25.420804738998413,0.31662553548812866,0.5044534206390381,0.5339789986610413,0.3753458559513092,1.659374475479126,0.7801324725151062,3.2869200706481934,0.642942488193512,0.670329213142395,0.49741145968437195,0.763905942440033,1.2339650392532349,52.73996353149414,33.43152618408203,0.0,0.0,0.01,0.0,0.0,1.0
monkey saddle,T+N+K,500,25.97109818458557,0.33842161297798157,0.5112726092338562,0.49537014961242676,0.38356804847717285,1.6030094623565674,0.8393937349319458,3.5108489990234375,0.9779155254364014,0.768401026725769,0.6198074817657471,0.7324923276901245,1.6788418292999268,55.25928497314453,34.19194793701172,1.0,0.0,0.01,0.0,0.0,1.0
monkey saddle,C+N+K,500,27.033894300460815,0.32644936442375183,0.4879915416240692,0.526639461517334,0.37673601508140564,1.5510880947113037,0.746159553527832,3.5413625240325928,0.8482022285461426,0.6839919090270996,0.521122395992279,0.7134451270103455,1.1712605953216553,54.36674499511719,33.483497619628906,0.0,0.01,0.01,0.0,0.0,1.0
